-2.328681563503071
-2.328681563503071
-3.0376664123195316
-4.287014231478708
-4.287014231478708
-4.287014231478708
-4.287014231478708
-4.287014231478708
-4.287014231478708
-4.287014231478708
-4.287014231478708
-4.287014231478708
-4.287014231478708
-4.287014231478708
-4.287014231478708
-4.287014231478708
-4.287014231478708
-5.233014416571906
-5.233014416571906
-5.233014416571906
-5.233014416571906
-5.233014416571906
-5.233014416571906
-5.79703737213966
-5.79703737213966
-5.79703737213966
-5.79703737213966
-5.79703737213966
-5.79703737213966
-5.79703737213966
-5.79703737213966
-5.79703737213966
-5.79703737213966
-8.367903887035775
-8.367903887035775
-8.367903887035775
-8.367903887035775
-8.367903887035775
-8.367903887035775
-8.367903887035775
-8.367903887035775
-9.571587227244052
-9.571587227244052
-9.571587227244052
-9.571587227244052
-9.571587227244052
-9.571587227244052
-9.571587227244052
-9.571587227244052
-9.571587227244052
-9.571587227244052
-9.571587227244052
-9.571587227244052
-9.571587227244052
-9.571587227244052
-9.571587227244052
-9.571587227244052
-9.571587227244052
-9.571587227244052
-9.571587227244052
-9.571587227244052
-9.571587227244052
-9.571587227244052
-9.571587227244052
-9.571587227244052
-9.571587227244052
-9.571587227244052
-9.571587227244052
-9.571587227244052
-9.571587227244052
-9.571587227244052
-9.571587227244052
-9.571587227244052
-9.571587227244052
-9.571587227244052
-9.571587227244052
-9.571587227244052
-10.139734409953487
-10.139734409953487
-10.139734409953487
-10.139734409953487
-10.139734409953487
-10.139734409953487
-10.139734409953487
-10.139734409953487
-10.139734409953487
-10.139734409953487
-10.139734409953487
-10.139734409953487
-10.139734409953487
-10.139734409953487
-10.139734409953487
-10.139734409953487
-10.139734409953487
-10.139734409953487
-10.139734409953487
-10.139734409953487
-10.139734409953487
-10.139734409953487
-10.139734409953487
-10.139734409953487
-10.139734409953487
-10.139734409953487
-10.139734409953487
-10.139734409953487
-10.139734409953487
-10.139734409953487
-10.139734409953487
-10.139734409953487
-10.139734409953487
-10.139734409953487
-10.139734409953487
-10.139734409953487
-10.139734409953487
-10.139734409953487
-10.139734409953487
-10.139734409953487
-10.139734409953487
-10.139734409953487
-10.139734409953487
-10.139734409953487
-10.139734409953487
-10.139734409953487
-10.139734409953487
-10.139734409953487
-10.139734409953487
-10.139734409953487
-10.139734409953487
-10.139734409953487
-10.139734409953487
-10.139734409953487
-10.139734409953487
-10.139734409953487
-10.139734409953487
-10.139734409953487
-10.139734409953487
-10.139734409953487
-10.139734409953487
-10.139734409953487
-10.139734409953487
-10.139734409953487
-10.139734409953487
-10.139734409953487
-10.139734409953487
-10.139734409953487
-10.139734409953487
-10.139734409953487
-10.139734409953487
-10.139734409953487
-10.139734409953487
-11.35045891406635
-11.35045891406635
-11.35045891406635
-11.35045891406635
-11.35045891406635
-11.35045891406635
-11.35045891406635
-11.35045891406635
-11.35045891406635
-11.35045891406635
-11.35045891406635
-11.35045891406635
-11.35045891406635
-11.35045891406635
-11.35045891406635
-11.35045891406635
-11.35045891406635
-11.35045891406635
-11.35045891406635
-11.35045891406635
-11.35045891406635
-11.35045891406635
-11.35045891406635
-11.35045891406635
-11.35045891406635
-11.35045891406635
-11.35045891406635
-11.35045891406635
-11.35045891406635
-11.35045891406635
-11.35045891406635
-11.35045891406635
-11.35045891406635
-11.35045891406635
-11.35045891406635
-11.35045891406635
-11.35045891406635
-11.35045891406635
-11.35045891406635
-11.35045891406635
-11.35045891406635
-11.35045891406635
-11.35045891406635
-11.35045891406635
-11.35045891406635
-11.35045891406635
-11.35045891406635
-11.35045891406635
-11.35045891406635
-11.35045891406635
-11.35045891406635
-11.35045891406635
-11.35045891406635
-11.35045891406635
-11.35045891406635
-11.35045891406635
-11.35045891406635
-11.35045891406635
-11.35045891406635
-11.35045891406635
-11.35045891406635
-11.35045891406635
-11.35045891406635
-11.35045891406635
-11.35045891406635
-11.35045891406635
-11.35045891406635
-11.35045891406635
-11.35045891406635
-11.35045891406635
-11.617837451800138
-11.617837451800138
-11.617837451800138
-11.617837451800138
-12.789151619972705
-12.789151619972705
-12.789151619972705
-12.789151619972705
-12.789151619972705
-12.789151619972705
-12.789151619972705
-12.789151619972705
-12.789151619972705
-12.789151619972705
-12.789151619972705
-12.789151619972705
-12.789151619972705
-12.789151619972705
-12.789151619972705
-12.789151619972705
-12.789151619972705
-12.789151619972705
-12.789151619972705
-12.789151619972705
-12.789151619972705
-12.789151619972705
-12.789151619972705
-12.789151619972705
-12.789151619972705
-12.789151619972705
-12.789151619972705
-12.789151619972705
-12.789151619972705
-12.789151619972705
-12.789151619972705
-12.789151619972705
-12.789151619972705
-12.789151619972705
-12.789151619972705
-12.789151619972705
-12.789151619972705
-12.789151619972705
-12.789151619972705
-12.789151619972705
-12.789151619972705
-12.789151619972705
-12.789151619972705
-12.789151619972705
-12.789151619972705
-12.789151619972705
-12.789151619972705
-12.789151619972705
-12.789151619972705
-12.789151619972705
-12.789151619972705
-12.789151619972705
-12.789151619972705
-12.789151619972705
-12.789151619972705
-12.789151619972705
-12.789151619972705
-12.789151619972705
-12.789151619972705
-12.789151619972705
-12.789151619972705
-12.789151619972705
-12.789151619972705
-12.789151619972705
-12.789151619972705
-12.789151619972705
-12.789151619972705
-12.789151619972705
-12.789151619972705
-12.789151619972705
-12.789151619972705
-12.789151619972705
-12.789151619972705
-12.789151619972705
-12.789151619972705
-12.789151619972705
-12.789151619972705
-12.789151619972705
-12.789151619972705
-12.789151619972705
-12.789151619972705
-12.789151619972705
-12.789151619972705
-12.789151619972705
-12.789151619972705
-12.789151619972705
-12.789151619972705
-12.789151619972705
-12.789151619972705
-12.789151619972705
-12.789151619972705
-12.789151619972705
-12.789151619972705
-12.789151619972705
-12.789151619972705
-12.789151619972705
-12.789151619972705
-12.789151619972705
-12.789151619972705
-12.789151619972705
-12.789151619972705
-12.789151619972705
-12.789151619972705
-12.789151619972705
-16.464988645490745
-16.464988645490745
-16.464988645490745
-16.464988645490745
-16.464988645490745
-16.464988645490745
-16.464988645490745
-16.464988645490745
-16.464988645490745
-16.464988645490745
-16.464988645490745
-16.464988645490745
-16.464988645490745
-16.464988645490745
-16.464988645490745
-16.464988645490745
-16.464988645490745
-16.464988645490745
-16.464988645490745
-16.464988645490745
-16.464988645490745
-16.464988645490745
-16.464988645490745
-16.464988645490745
-16.464988645490745
-16.464988645490745
-16.464988645490745
-16.464988645490745
-16.464988645490745
-16.464988645490745
-16.464988645490745
-16.464988645490745
-16.464988645490745
-16.464988645490745
-16.464988645490745
-16.464988645490745
-16.464988645490745
-16.464988645490745
-16.464988645490745
-16.464988645490745
-16.464988645490745
-16.464988645490745
-16.464988645490745
-16.464988645490745
-16.464988645490745
-16.464988645490745
-16.464988645490745
-16.464988645490745
-16.464988645490745
-16.464988645490745
-16.464988645490745
-16.464988645490745
-16.464988645490745
-16.464988645490745
-16.464988645490745
-16.464988645490745
-16.464988645490745
-16.464988645490745
-16.464988645490745
-16.464988645490745
-16.464988645490745
-16.464988645490745
-16.464988645490745
-16.464988645490745
-16.464988645490745
-16.464988645490745
-16.464988645490745
-16.464988645490745
-16.464988645490745
-16.464988645490745
-16.464988645490745
-16.464988645490745
-16.464988645490745
-16.464988645490745
-16.464988645490745
-16.464988645490745
-16.464988645490745
-16.464988645490745
-16.464988645490745
-16.464988645490745
-16.464988645490745
-16.464988645490745
-16.464988645490745
-16.464988645490745
-16.464988645490745
-16.464988645490745
-16.464988645490745
-16.464988645490745
-16.464988645490745
-16.464988645490745
-16.464988645490745
-16.464988645490745
-16.464988645490745
-16.464988645490745
-16.464988645490745
-16.464988645490745
-16.464988645490745
-16.464988645490745
-16.464988645490745
-16.464988645490745
-16.464988645490745
-16.464988645490745
-16.464988645490745
-16.464988645490745
-16.464988645490745
-16.464988645490745
-16.464988645490745
-16.464988645490745
-16.464988645490745
-16.464988645490745
-16.464988645490745
-16.464988645490745
-16.464988645490745
-16.464988645490745
-16.464988645490745
-16.464988645490745
-16.464988645490745
-16.464988645490745
-16.464988645490745
-16.464988645490745
-16.464988645490745
-16.464988645490745
-16.464988645490745
-16.464988645490745
-16.464988645490745
-16.464988645490745
-16.464988645490745
-16.464988645490745
-16.464988645490745
-16.464988645490745
-16.464988645490745
-16.464988645490745
-16.464988645490745
-16.464988645490745
-16.464988645490745
-16.464988645490745
-17.544155584619798
-17.544155584619798
-17.544155584619798
-17.544155584619798
-17.544155584619798
-17.544155584619798
-17.544155584619798
-17.544155584619798
-17.544155584619798
-17.544155584619798
-17.544155584619798
-17.544155584619798
-17.544155584619798
-17.544155584619798
-17.544155584619798
-17.544155584619798
-17.544155584619798
-17.544155584619798
-17.544155584619798
-17.544155584619798
-17.544155584619798
-17.544155584619798
-17.544155584619798
-17.544155584619798
-17.544155584619798
-17.544155584619798
-17.544155584619798
-17.544155584619798
-17.544155584619798
-17.544155584619798
-17.544155584619798
-17.544155584619798
-17.544155584619798
-17.544155584619798
-17.544155584619798
-17.544155584619798
-17.544155584619798
