-6.7614914387469085
-6.7614914387469085
-6.7614914387469085
-6.7614914387469085
-6.7614914387469085
-6.7614914387469085
-6.7614914387469085
-6.7614914387469085
-6.7614914387469085
-6.7614914387469085
-6.7614914387469085
-6.7614914387469085
-6.7614914387469085
-6.7614914387469085
-6.7614914387469085
-6.7614914387469085
-6.7614914387469085
-6.7614914387469085
-6.7614914387469085
-6.7614914387469085
-6.7614914387469085
-10.005870269472664
-10.005870269472664
-10.005870269472664
-10.005870269472664
-10.005870269472664
-10.005870269472664
-10.005870269472664
-10.005870269472664
-12.045350196032212
-12.045350196032212
-12.045350196032212
-12.045350196032212
-12.045350196032212
-12.045350196032212
-12.045350196032212
-12.045350196032212
-12.045350196032212
-12.045350196032212
-12.045350196032212
-12.045350196032212
-12.045350196032212
-12.045350196032212
-12.045350196032212
-12.045350196032212
-12.045350196032212
-12.045350196032212
-12.045350196032212
-13.272317893081347
-13.272317893081347
-13.272317893081347
-13.272317893081347
-13.272317893081347
-13.272317893081347
-13.272317893081347
-13.272317893081347
-6.7614914387469085
-6.7614914387469085
-6.7614914387469085
-6.7614914387469085
-6.7614914387469085
-6.7614914387469085
-6.7614914387469085
-6.7614914387469085
-6.7614914387469085
-6.7614914387469085
-6.7614914387469085
-6.7614914387469085
-6.7614914387469085
-6.7614914387469085
-6.7614914387469085
-6.7614914387469085
-6.7614914387469085
-6.7614914387469085
-6.7614914387469085
-6.7614914387469085
-6.7614914387469085
-10.005870269472664
-10.005870269472664
-10.005870269472664
-10.005870269472664
-10.005870269472664
-10.005870269472664
-10.005870269472664
-10.005870269472664
-12.045350196032212
-12.045350196032212
-12.045350196032212
-12.045350196032212
-12.045350196032212
-12.045350196032212
-12.045350196032212
-12.045350196032212
-12.045350196032212
-12.045350196032212
-12.045350196032212
-12.045350196032212
-12.045350196032212
-6.7614914387469085
-6.7614914387469085
-6.7614914387469085
-6.7614914387469085
-2.228694192742204
-6.7614914387469085
-6.7614914387469085
-6.7614914387469085
-9.847879285002842
-9.847879285002842
-9.847879285002842
-9.847879285002842
-14.288689297891972
-14.288689297891972
-14.288689297891972
-14.288689297891972
-14.288689297891972
-14.288689297891972
-14.288689297891972
-14.288689297891972
-14.288689297891972
-14.288689297891972
-14.288689297891972
-14.288689297891972
-14.288689297891972
-14.288689297891972
-14.288689297891972
-14.288689297891972
-14.288689297891972
-33.3167961993499
-33.3167961993499
-33.3167961993499
-33.3167961993499
-33.3167961993499
-33.3167961993499
-33.3167961993499
-33.3167961993499
-33.3167961993499
-33.3167961993499
-33.3167961993499
-6.7614914387469085
-9.847879285002842
-9.847879285002842
-9.847879285002842
-9.847879285002842
-14.288689297891972
-14.288689297891972
-14.288689297891972
-14.288689297891972
-14.288689297891972
-14.288689297891972
-14.288689297891972
-14.288689297891972
-14.288689297891972
-14.288689297891972
-14.288689297891972
-14.288689297891972
-14.288689297891972
-14.288689297891972
-14.288689297891972
-14.288689297891972
-14.288689297891972
-33.3167961993499
-33.3167961993499
-33.3167961993499
-33.3167961993499
-33.3167961993499
-33.3167961993499
-33.3167961993499
-33.3167961993499
-33.3167961993499
-33.3167961993499
-33.3167961993499
-6.7614914387469085
-9.847879285002842
-9.847879285002842
-9.847879285002842
-9.847879285002842
-14.288689297891972
-14.288689297891972
-14.288689297891972
-14.288689297891972
-14.288689297891972
-14.288689297891972
-14.288689297891972
-14.288689297891972
-14.288689297891972
-14.288689297891972
-14.288689297891972
-14.288689297891972
-14.288689297891972
-14.288689297891972
-14.288689297891972
-14.288689297891972
-14.288689297891972
-33.3167961993499
-33.3167961993499
-33.3167961993499
-33.3167961993499
-33.3167961993499
-33.3167961993499
-33.3167961993499
-33.3167961993499
-33.3167961993499
-33.3167961993499
-33.3167961993499
-6.7614914387469085
-9.847879285002842
-9.847879285002842
-9.847879285002842
-9.847879285002842
-14.288689297891972
-14.288689297891972
-14.288689297891972
-14.288689297891972
-14.288689297891972
-14.288689297891972
-14.288689297891972
-14.288689297891972
-14.288689297891972
-14.288689297891972
-14.288689297891972
-14.288689297891972
-14.288689297891972
-14.288689297891972
-14.288689297891972
-14.288689297891972
-14.288689297891972
-33.3167961993499
-33.3167961993499
-33.3167961993499
-33.3167961993499
-33.3167961993499
-33.3167961993499
-33.3167961993499
-33.3167961993499
-33.3167961993499
-33.3167961993499
-33.3167961993499
-6.7614914387469085
-9.847879285002842
-9.847879285002842
-9.847879285002842
-9.847879285002842
-14.288689297891972
-14.288689297891972
-14.288689297891972
-14.288689297891972
-14.288689297891972
-14.288689297891972
-14.288689297891972
-14.288689297891972
-14.288689297891972
-14.288689297891972
-14.288689297891972
-14.288689297891972
-14.288689297891972
-14.288689297891972
-14.288689297891972
-14.288689297891972
-14.288689297891972
-33.3167961993499
-33.3167961993499
-33.3167961993499
-33.3167961993499
-33.3167961993499
-33.3167961993499
-33.3167961993499
-33.3167961993499
-33.3167961993499
-33.3167961993499
-33.3167961993499
-6.7614914387469085
-9.847879285002842
-9.847879285002842
-9.847879285002842
-9.847879285002842
-14.288689297891972
-14.288689297891972
-14.288689297891972
-14.288689297891972
-14.288689297891972
-14.288689297891972
-14.288689297891972
-14.288689297891972
-14.288689297891972
-14.288689297891972
-14.288689297891972
-14.288689297891972
-14.288689297891972
-14.288689297891972
-14.288689297891972
-14.288689297891972
-14.288689297891972
-33.3167961993499
-33.3167961993499
-33.3167961993499
-33.3167961993499
-33.3167961993499
-33.3167961993499
-33.3167961993499
-33.3167961993499
-33.3167961993499
-33.3167961993499
-33.3167961993499
-6.7614914387469085
-9.847879285002842
-9.847879285002842
-9.847879285002842
-9.847879285002842
-14.288689297891972
-14.288689297891972
-14.288689297891972
-14.288689297891972
-14.288689297891972
-14.288689297891972
-14.288689297891972
-14.288689297891972
-14.288689297891972
-14.288689297891972
-14.288689297891972
-14.288689297891972
-14.288689297891972
-14.288689297891972
-14.288689297891972
-14.288689297891972
-14.288689297891972
-33.3167961993499
-33.3167961993499
-33.3167961993499
-33.3167961993499
-33.3167961993499
-33.3167961993499
-33.3167961993499
-33.3167961993499
-33.3167961993499
-33.3167961993499
-33.3167961993499
-33.3167961993499
-33.3167961993499
-33.3167961993499
-33.3167961993499
-33.3167961993499
-33.3167961993499
-33.3167961993499
-33.3167961993499
-33.3167961993499
-33.3167961993499
-33.3167961993499
-33.3167961993499
-33.3167961993499
-33.3167961993499
-33.3167961993499
-33.3167961993499
-33.3167961993499
-33.3167961993499
-33.3167961993499
-33.3167961993499
-33.3167961993499
-33.3167961993499
-33.3167961993499
-33.3167961993499
-33.3167961993499
-33.3167961993499
-33.3167961993499
-33.3167961993499
-33.3167961993499
-33.3167961993499
