-0.7476639789762001
-0.9984180939659566
-1.0601111989148575
-1.0601111989148575
-1.0601111989148575
-6.2399352090607545
-6.2399352090607545
-6.2399352090607545
-6.2399352090607545
-6.2399352090607545
-6.2399352090607545
-6.2399352090607545
-6.2399352090607545
-6.2399352090607545
-6.2399352090607545
-6.2399352090607545
-6.2399352090607545
-6.2399352090607545
-6.2399352090607545
-6.2399352090607545
-6.2399352090607545
-6.2399352090607545
-7.063545950826076
-7.28615029917837
-7.28615029917837
-7.28615029917837
-8.917221854362797
-8.917221854362797
-8.917221854362797
-10.167262393301645
-10.167262393301645
-10.167262393301645
-10.167262393301645
-10.167262393301645
-10.167262393301645
-10.167262393301645
-10.167262393301645
-10.167262393301645
-10.167262393301645
-10.167262393301645
-10.167262393301645
-10.167262393301645
-10.167262393301645
-10.167262393301645
-10.167262393301645
-10.167262393301645
-10.167262393301645
-10.167262393301645
-10.167262393301645
-10.167262393301645
-10.167262393301645
-10.167262393301645
-10.167262393301645
-10.167262393301645
-10.167262393301645
-10.167262393301645
-10.167262393301645
-10.167262393301645
-10.167262393301645
-10.167262393301645
-10.167262393301645
-10.167262393301645
-10.167262393301645
-10.167262393301645
-10.167262393301645
-10.167262393301645
-10.167262393301645
-10.167262393301645
-10.167262393301645
-10.167262393301645
-10.167262393301645
-10.167262393301645
-10.167262393301645
-10.167262393301645
-10.167262393301645
-10.167262393301645
-10.167262393301645
-10.167262393301645
-10.167262393301645
-10.167262393301645
-10.167262393301645
-10.167262393301645
-10.167262393301645
-10.167262393301645
-10.167262393301645
-10.167262393301645
-10.167262393301645
-10.167262393301645
-10.167262393301645
-10.167262393301645
-10.167262393301645
-10.167262393301645
-10.167262393301645
-10.167262393301645
-10.167262393301645
-10.167262393301645
-10.167262393301645
-12.840632364782675
-12.840632364782675
-12.840632364782675
-12.840632364782675
-12.840632364782675
-12.840632364782675
-12.840632364782675
-12.840632364782675
-12.840632364782675
-12.840632364782675
-12.840632364782675
-12.840632364782675
-12.840632364782675
-12.840632364782675
-12.840632364782675
-12.840632364782675
-12.840632364782675
-12.840632364782675
-12.840632364782675
-12.840632364782675
-12.840632364782675
-12.840632364782675
-12.840632364782675
-12.840632364782675
-12.840632364782675
-12.840632364782675
-12.840632364782675
-12.840632364782675
-12.840632364782675
-12.840632364782675
-12.840632364782675
-12.840632364782675
-12.840632364782675
-12.840632364782675
-12.840632364782675
-12.840632364782675
-12.840632364782675
-12.840632364782675
-12.840632364782675
-12.840632364782675
-12.840632364782675
-12.840632364782675
-12.840632364782675
-12.840632364782675
-12.840632364782675
-12.840632364782675
-12.840632364782675
-12.840632364782675
-12.840632364782675
-12.840632364782675
-12.840632364782675
-12.840632364782675
-12.840632364782675
-12.840632364782675
-12.840632364782675
-12.840632364782675
-12.840632364782675
-12.840632364782675
-12.840632364782675
-12.840632364782675
-12.840632364782675
-12.840632364782675
-12.840632364782675
-12.840632364782675
-12.840632364782675
-12.840632364782675
-12.840632364782675
-12.840632364782675
-12.840632364782675
-12.840632364782675
-12.840632364782675
-12.840632364782675
-12.840632364782675
-12.840632364782675
-12.840632364782675
-12.840632364782675
-12.840632364782675
-12.840632364782675
-12.840632364782675
-12.840632364782675
-12.840632364782675
-12.840632364782675
-12.840632364782675
-12.840632364782675
-12.840632364782675
-12.840632364782675
-12.840632364782675
-12.840632364782675
-12.840632364782675
-12.840632364782675
-12.840632364782675
-12.840632364782675
-12.840632364782675
-12.840632364782675
-12.840632364782675
-12.840632364782675
-12.840632364782675
-12.840632364782675
-12.840632364782675
-12.840632364782675
-12.840632364782675
-12.840632364782675
-12.840632364782675
-12.840632364782675
-12.840632364782675
-12.840632364782675
-12.840632364782675
-12.840632364782675
-12.840632364782675
-12.840632364782675
-12.840632364782675
-12.840632364782675
-12.840632364782675
-12.840632364782675
-12.840632364782675
-12.840632364782675
-12.840632364782675
-12.840632364782675
-12.840632364782675
-12.840632364782675
-12.840632364782675
-12.840632364782675
-12.840632364782675
-12.840632364782675
-12.840632364782675
-12.840632364782675
-12.840632364782675
-12.840632364782675
-12.840632364782675
-12.840632364782675
-12.840632364782675
-12.840632364782675
-12.840632364782675
-12.840632364782675
-12.840632364782675
-12.840632364782675
-12.840632364782675
-12.840632364782675
-12.840632364782675
-12.840632364782675
-12.840632364782675
-12.840632364782675
-12.840632364782675
-12.840632364782675
-12.840632364782675
-12.840632364782675
-12.840632364782675
-12.840632364782675
-12.840632364782675
-12.840632364782675
-12.840632364782675
-12.840632364782675
-12.840632364782675
-12.840632364782675
-12.840632364782675
-12.840632364782675
-12.840632364782675
-12.840632364782675
-12.840632364782675
-12.840632364782675
-12.840632364782675
-12.840632364782675
-12.840632364782675
-12.840632364782675
-12.840632364782675
-12.840632364782675
-12.840632364782675
-12.840632364782675
-12.840632364782675
-12.840632364782675
-12.840632364782675
-12.840632364782675
-12.840632364782675
-12.840632364782675
-12.840632364782675
-12.840632364782675
-12.840632364782675
-12.840632364782675
-12.840632364782675
-12.840632364782675
-12.840632364782675
-12.840632364782675
-12.840632364782675
-12.840632364782675
-12.840632364782675
-12.840632364782675
-12.840632364782675
-12.840632364782675
-12.840632364782675
-12.840632364782675
-12.840632364782675
-12.840632364782675
-12.840632364782675
-12.840632364782675
-12.840632364782675
-12.840632364782675
-12.840632364782675
-12.840632364782675
-12.840632364782675
-12.840632364782675
-12.840632364782675
-12.840632364782675
-12.840632364782675
-12.840632364782675
-12.840632364782675
-12.840632364782675
-12.840632364782675
-12.840632364782675
-12.840632364782675
-12.840632364782675
-12.840632364782675
-12.840632364782675
-12.840632364782675
-12.840632364782675
-12.840632364782675
-12.840632364782675
-12.840632364782675
-12.840632364782675
-12.840632364782675
-12.840632364782675
-12.840632364782675
-12.840632364782675
-12.840632364782675
-12.840632364782675
-12.840632364782675
-12.840632364782675
-12.840632364782675
-12.840632364782675
-12.840632364782675
-12.840632364782675
-12.840632364782675
-12.840632364782675
-12.840632364782675
-12.840632364782675
-12.840632364782675
-12.840632364782675
-12.840632364782675
-12.840632364782675
-12.840632364782675
-12.840632364782675
-12.840632364782675
-12.840632364782675
-12.840632364782675
-12.840632364782675
-12.840632364782675
-12.840632364782675
-12.840632364782675
-13.556628838593042
-13.556628838593042
-13.556628838593042
-13.556628838593042
-13.556628838593042
-13.556628838593042
-13.556628838593042
-13.556628838593042
-13.556628838593042
-13.556628838593042
-13.556628838593042
-13.556628838593042
-13.556628838593042
-13.556628838593042
-13.556628838593042
-13.556628838593042
-13.556628838593042
-13.556628838593042
-13.556628838593042
-13.556628838593042
-13.556628838593042
-13.556628838593042
-13.556628838593042
-13.556628838593042
-13.556628838593042
-13.556628838593042
-13.556628838593042
-13.556628838593042
-13.556628838593042
-13.556628838593042
-13.556628838593042
-13.556628838593042
-13.556628838593042
-13.556628838593042
-13.556628838593042
-13.556628838593042
-13.556628838593042
-13.556628838593042
-13.556628838593042
-13.556628838593042
-13.556628838593042
-13.556628838593042
-13.556628838593042
-13.556628838593042
-13.556628838593042
-13.556628838593042
-13.556628838593042
-13.556628838593042
-13.556628838593042
-13.556628838593042
-13.556628838593042
-13.556628838593042
-13.556628838593042
-13.556628838593042
-13.556628838593042
-13.556628838593042
-17.01272046388423
-17.01272046388423
-17.01272046388423
-17.01272046388423
-17.01272046388423
-17.01272046388423
-17.01272046388423
-17.01272046388423
-17.01272046388423
-17.01272046388423
-17.01272046388423
-17.01272046388423
-17.01272046388423
-17.01272046388423
-17.01272046388423
-17.01272046388423
-17.01272046388423
-17.01272046388423
-17.01272046388423
-17.01272046388423
-17.01272046388423
-17.01272046388423
-17.01272046388423
-17.01272046388423
-17.01272046388423
-17.01272046388423
-17.01272046388423
-17.01272046388423
-17.01272046388423
-17.01272046388423
-17.01272046388423
-17.01272046388423
-17.01272046388423
-17.01272046388423
-17.01272046388423
-17.01272046388423
-17.01272046388423
-17.01272046388423
-17.01272046388423
-17.01272046388423
-17.01272046388423
-17.01272046388423
-17.01272046388423
-17.01272046388423
-17.01272046388423
-17.01272046388423
-17.01272046388423
-17.01272046388423
-17.01272046388423
-17.01272046388423
-17.01272046388423
-17.01272046388423
-17.01272046388423
-17.01272046388423
-17.01272046388423
-17.01272046388423
-17.01272046388423
-17.01272046388423
-17.01272046388423
-17.01272046388423
-17.01272046388423
-17.01272046388423
-17.01272046388423
-17.01272046388423
-17.01272046388423
-17.01272046388423
-17.01272046388423
-17.01272046388423
-17.01272046388423
-17.01272046388423
-17.01272046388423
-17.01272046388423
-17.01272046388423
-17.01272046388423
-17.01272046388423
-17.01272046388423
-17.01272046388423
-17.01272046388423
-17.01272046388423
-17.01272046388423
-17.01272046388423
-17.01272046388423
-17.01272046388423
-17.01272046388423
-17.01272046388423
-17.01272046388423
-17.01272046388423
-17.01272046388423
-17.01272046388423
-17.01272046388423
-17.01272046388423
-17.01272046388423
-17.01272046388423
-17.01272046388423
-17.01272046388423
-17.01272046388423
-17.01272046388423
-17.01272046388423
-17.01272046388423
-17.01272046388423
-17.01272046388423
