-3.3738446142671337
-3.3738446142671337
-3.3738446142671337
-6.910215812339939
-6.910215812339939
-6.910215812339939
-6.910215812339939
-6.910215812339939
-6.910215812339939
-8.648638626805447
-8.648638626805447
-8.648638626805447
-8.648638626805447
-8.648638626805447
-8.648638626805447
-8.648638626805447
-8.648638626805447
-8.648638626805447
-8.648638626805447
-8.648638626805447
-8.648638626805447
-8.648638626805447
-8.648638626805447
-8.648638626805447
-8.648638626805447
-8.648638626805447
-8.648638626805447
-8.648638626805447
-8.648638626805447
-8.648638626805447
-8.648638626805447
-8.648638626805447
-8.648638626805447
-8.648638626805447
-8.648638626805447
-8.648638626805447
-8.648638626805447
-8.648638626805447
-8.648638626805447
-8.648638626805447
-8.648638626805447
-8.648638626805447
-8.648638626805447
-10.916525073227133
-10.916525073227133
-10.916525073227133
-10.916525073227133
-10.916525073227133
-10.916525073227133
-10.916525073227133
-10.916525073227133
-10.916525073227133
-10.916525073227133
-10.916525073227133
-10.916525073227133
-10.916525073227133
-11.969673238171799
-11.969673238171799
-11.969673238171799
-11.969673238171799
-11.969673238171799
-11.969673238171799
-11.969673238171799
-11.969673238171799
-11.969673238171799
-11.969673238171799
-11.969673238171799
-12.480649427734111
-12.480649427734111
-12.480649427734111
-12.480649427734111
-12.480649427734111
-12.480649427734111
-12.480649427734111
-12.480649427734111
-12.480649427734111
-12.480649427734111
-12.480649427734111
-12.480649427734111
-12.480649427734111
-12.480649427734111
-12.480649427734111
-12.480649427734111
-12.480649427734111
-12.480649427734111
-12.480649427734111
-12.480649427734111
-12.480649427734111
-12.480649427734111
-12.480649427734111
-12.480649427734111
-12.480649427734111
-12.480649427734111
-12.480649427734111
-12.480649427734111
-12.480649427734111
-12.480649427734111
-12.480649427734111
-12.480649427734111
-12.480649427734111
-12.480649427734111
-12.480649427734111
-12.480649427734111
-12.480649427734111
-12.480649427734111
-12.480649427734111
-12.480649427734111
-12.480649427734111
-12.480649427734111
-12.480649427734111
-12.480649427734111
-12.480649427734111
-12.480649427734111
-12.480649427734111
-12.480649427734111
-12.480649427734111
-12.480649427734111
-12.480649427734111
-12.480649427734111
-12.480649427734111
-12.480649427734111
-12.480649427734111
-12.480649427734111
-12.480649427734111
-12.480649427734111
-12.480649427734111
-15.794692773828459
-15.794692773828459
-15.794692773828459
-15.794692773828459
-15.794692773828459
-15.794692773828459
-15.794692773828459
-15.794692773828459
-15.794692773828459
-15.794692773828459
-15.794692773828459
-15.794692773828459
-15.794692773828459
-15.794692773828459
-15.794692773828459
-15.794692773828459
-15.794692773828459
-15.794692773828459
-15.794692773828459
-15.794692773828459
-15.794692773828459
-15.794692773828459
-15.794692773828459
-15.794692773828459
-15.794692773828459
-15.794692773828459
-15.794692773828459
-15.794692773828459
-15.794692773828459
-15.794692773828459
-15.794692773828459
-15.794692773828459
-15.794692773828459
-15.794692773828459
-15.794692773828459
-15.794692773828459
-15.794692773828459
-15.794692773828459
-15.794692773828459
-15.794692773828459
-15.794692773828459
-15.794692773828459
-15.794692773828459
-15.794692773828459
-15.794692773828459
-15.794692773828459
-15.794692773828459
-15.794692773828459
-15.794692773828459
-15.794692773828459
-15.794692773828459
-15.794692773828459
-15.794692773828459
-15.794692773828459
-15.794692773828459
-15.794692773828459
-15.794692773828459
-15.794692773828459
-15.794692773828459
-15.794692773828459
-15.794692773828459
-15.794692773828459
-15.794692773828459
-15.794692773828459
-15.794692773828459
-15.794692773828459
-15.794692773828459
-15.794692773828459
-15.794692773828459
-15.794692773828459
-15.794692773828459
-15.794692773828459
-15.794692773828459
-15.794692773828459
-15.794692773828459
-15.794692773828459
-15.794692773828459
-15.794692773828459
-15.794692773828459
-15.794692773828459
-15.794692773828459
-15.794692773828459
-15.794692773828459
-15.794692773828459
-15.794692773828459
-15.794692773828459
-15.794692773828459
-15.794692773828459
-15.794692773828459
-15.794692773828459
-15.794692773828459
-15.794692773828459
-15.794692773828459
-15.794692773828459
-15.794692773828459
-15.794692773828459
-15.794692773828459
-15.794692773828459
-15.794692773828459
-15.794692773828459
-15.794692773828459
-15.794692773828459
-15.794692773828459
-15.794692773828459
-15.794692773828459
-15.794692773828459
-15.794692773828459
-15.794692773828459
-15.794692773828459
-15.794692773828459
-15.794692773828459
-15.794692773828459
-15.794692773828459
-15.794692773828459
-15.794692773828459
-15.794692773828459
-15.794692773828459
-15.794692773828459
-15.794692773828459
-15.794692773828459
-15.794692773828459
-15.794692773828459
-15.794692773828459
-15.794692773828459
-15.794692773828459
-15.794692773828459
-15.794692773828459
-15.794692773828459
-15.794692773828459
-15.794692773828459
-15.794692773828459
-15.794692773828459
-15.794692773828459
-15.794692773828459
-15.794692773828459
-15.794692773828459
-15.794692773828459
-16.733609158576197
-16.733609158576197
-16.733609158576197
-16.733609158576197
-16.733609158576197
-16.733609158576197
-16.733609158576197
-16.733609158576197
-16.733609158576197
-16.733609158576197
-16.733609158576197
-16.733609158576197
-16.733609158576197
-16.733609158576197
-16.733609158576197
-16.733609158576197
-16.733609158576197
-16.733609158576197
-16.733609158576197
-16.733609158576197
-16.733609158576197
-16.733609158576197
-16.733609158576197
-16.733609158576197
-16.733609158576197
-16.733609158576197
-16.733609158576197
-16.733609158576197
-16.733609158576197
-16.733609158576197
-16.93151459919192
-16.93151459919192
-16.93151459919192
-16.93151459919192
-16.93151459919192
-16.93151459919192
-16.93151459919192
-16.93151459919192
-16.93151459919192
-16.93151459919192
-16.93151459919192
-16.93151459919192
-16.93151459919192
-16.93151459919192
-16.93151459919192
-16.93151459919192
-16.93151459919192
-16.93151459919192
-16.93151459919192
-16.93151459919192
-16.93151459919192
-16.93151459919192
-16.93151459919192
-16.93151459919192
-16.93151459919192
-16.93151459919192
-16.93151459919192
-16.93151459919192
-16.93151459919192
-16.93151459919192
-16.93151459919192
-16.93151459919192
-16.93151459919192
-16.93151459919192
-16.93151459919192
-16.93151459919192
-16.93151459919192
-16.93151459919192
-16.93151459919192
-16.93151459919192
-16.93151459919192
-16.93151459919192
-16.93151459919192
-16.93151459919192
-16.93151459919192
-16.93151459919192
-16.93151459919192
-16.93151459919192
-16.93151459919192
-16.93151459919192
-16.93151459919192
-16.93151459919192
-16.93151459919192
-16.93151459919192
-16.93151459919192
-16.93151459919192
-16.93151459919192
-16.93151459919192
-16.93151459919192
-16.93151459919192
-16.93151459919192
-16.93151459919192
-16.93151459919192
-16.93151459919192
-16.93151459919192
-16.93151459919192
-16.93151459919192
-16.93151459919192
-16.93151459919192
-16.93151459919192
-16.93151459919192
-16.93151459919192
-16.93151459919192
-17.79725638028432
-17.79725638028432
-17.79725638028432
-17.79725638028432
-17.79725638028432
-17.79725638028432
-17.79725638028432
-17.79725638028432
-17.79725638028432
-17.79725638028432
-17.79725638028432
-17.79725638028432
-20.21653371163581
-20.21653371163581
-20.21653371163581
-20.21653371163581
-20.21653371163581
-20.21653371163581
-20.21653371163581
-20.21653371163581
-20.21653371163581
-20.21653371163581
-20.21653371163581
-20.21653371163581
-20.21653371163581
-20.21653371163581
-20.21653371163581
-20.21653371163581
-20.21653371163581
-20.21653371163581
-20.21653371163581
-20.21653371163581
-20.21653371163581
-20.21653371163581
-20.21653371163581
-20.21653371163581
-20.21653371163581
-20.21653371163581
-20.21653371163581
-20.21653371163581
-20.21653371163581
-20.21653371163581
-20.21653371163581
-20.21653371163581
-20.21653371163581
-20.21653371163581
-20.21653371163581
-20.21653371163581
-20.21653371163581
-20.21653371163581
-20.21653371163581
-20.21653371163581
-20.21653371163581
-20.21653371163581
-20.21653371163581
-20.21653371163581
-23.673155429729967
-23.673155429729967
-23.673155429729967
-23.673155429729967
-23.673155429729967
-23.673155429729967
-23.673155429729967
-23.673155429729967
-23.673155429729967
-23.673155429729967
-23.673155429729967
-23.673155429729967
-23.673155429729967
-23.673155429729967
-23.673155429729967
-23.673155429729967
-23.673155429729967
-23.673155429729967
-23.673155429729967
-23.673155429729967
-23.673155429729967
-23.673155429729967
-23.673155429729967
-23.673155429729967
-23.673155429729967
-23.673155429729967
-23.673155429729967
-23.673155429729967
-23.673155429729967
-23.673155429729967
-23.673155429729967
-23.673155429729967
-23.673155429729967
-23.673155429729967
-23.673155429729967
-23.673155429729967
-23.673155429729967
-23.673155429729967
-23.673155429729967
-23.673155429729967
-23.673155429729967
-23.673155429729967
-23.673155429729967
-23.673155429729967
-23.673155429729967
-23.673155429729967
-23.673155429729967
-23.673155429729967
-23.673155429729967
-23.673155429729967
-23.673155429729967
-23.673155429729967
-23.673155429729967
-23.673155429729967
-23.673155429729967
-23.673155429729967
-23.673155429729967
-23.673155429729967
-23.673155429729967
-23.673155429729967
-23.673155429729967
-23.673155429729967
-23.673155429729967
-23.673155429729967
-23.673155429729967
-23.673155429729967
-23.673155429729967
-23.673155429729967
-23.673155429729967
-23.673155429729967
-23.673155429729967
-23.673155429729967
-23.673155429729967
-23.673155429729967
-23.673155429729967
-23.673155429729967
-23.673155429729967
-23.673155429729967
-23.673155429729967
