-0.09102523087583433
-0.18579884989557943
-0.6970785333219869
-1.7224317474919255
-1.7224317474919255
-1.740883245851717
-1.851494613111773
-2.9428279278069294
-3.4321501675141675
-3.4321501675141675
-3.4321501675141675
-6.946093961019564
-6.946093961019564
-6.946093961019564
-6.946093961019564
-6.946093961019564
-6.946093961019564
-6.946093961019564
-6.946093961019564
-6.946093961019564
-6.946093961019564
-6.946093961019564
-6.946093961019564
-6.946093961019564
-6.946093961019564
-6.946093961019564
-6.946093961019564
-6.946093961019564
-10.131343965875647
-10.131343965875647
-10.131343965875647
-10.131343965875647
-10.131343965875647
-10.131343965875647
-10.131343965875647
-10.131343965875647
-10.131343965875647
-10.131343965875647
-10.131343965875647
-10.131343965875647
-10.131343965875647
-10.131343965875647
-10.131343965875647
-10.131343965875647
-10.131343965875647
-10.131343965875647
-10.131343965875647
-10.131343965875647
-10.131343965875647
-10.131343965875647
-10.131343965875647
-10.131343965875647
-10.131343965875647
-10.131343965875647
-10.131343965875647
-10.131343965875647
-10.131343965875647
-10.131343965875647
-10.131343965875647
-10.131343965875647
-10.131343965875647
-10.131343965875647
-10.131343965875647
-10.131343965875647
-10.131343965875647
-10.131343965875647
-10.131343965875647
-10.131343965875647
-10.131343965875647
-10.131343965875647
-10.131343965875647
-10.131343965875647
-10.131343965875647
-10.17312221776711
-10.17312221776711
-13.996656876650272
-13.996656876650272
-13.996656876650272
-13.996656876650272
-13.996656876650272
-13.996656876650272
-13.996656876650272
-13.996656876650272
-13.996656876650272
-13.996656876650272
-13.996656876650272
-13.996656876650272
-13.996656876650272
-13.996656876650272
-13.996656876650272
-13.996656876650272
-13.996656876650272
-13.996656876650272
-13.996656876650272
-13.996656876650272
-13.996656876650272
-13.996656876650272
-13.996656876650272
-13.996656876650272
-13.996656876650272
-13.996656876650272
-13.996656876650272
-13.996656876650272
-13.996656876650272
-13.996656876650272
-13.996656876650272
-13.996656876650272
-13.996656876650272
-13.996656876650272
-13.996656876650272
-13.996656876650272
-13.996656876650272
-13.996656876650272
-13.996656876650272
-13.996656876650272
-13.996656876650272
-13.996656876650272
-13.996656876650272
-13.996656876650272
-13.996656876650272
-13.996656876650272
-13.996656876650272
-13.996656876650272
-13.996656876650272
-13.996656876650272
-13.996656876650272
-13.996656876650272
-13.996656876650272
-13.996656876650272
-13.996656876650272
-13.996656876650272
-13.996656876650272
-13.996656876650272
-13.996656876650272
-13.996656876650272
-13.996656876650272
-13.996656876650272
-13.996656876650272
-13.996656876650272
-13.996656876650272
-13.996656876650272
-13.996656876650272
-13.996656876650272
-13.996656876650272
-13.996656876650272
-13.996656876650272
-13.996656876650272
-13.996656876650272
-13.996656876650272
-13.996656876650272
-13.996656876650272
-13.996656876650272
-13.996656876650272
-13.996656876650272
-13.996656876650272
-13.996656876650272
-13.996656876650272
-13.996656876650272
-13.996656876650272
-13.996656876650272
-13.996656876650272
-13.996656876650272
-13.996656876650272
-13.996656876650272
-13.996656876650272
-13.996656876650272
-13.996656876650272
-13.996656876650272
-13.996656876650272
-13.996656876650272
-13.996656876650272
-13.996656876650272
-13.996656876650272
-13.996656876650272
-13.996656876650272
-13.996656876650272
-13.996656876650272
-13.996656876650272
-13.996656876650272
-13.996656876650272
-13.996656876650272
-13.996656876650272
-13.996656876650272
-13.996656876650272
-13.996656876650272
-13.996656876650272
-13.996656876650272
-13.996656876650272
-13.996656876650272
-13.996656876650272
-13.996656876650272
-13.996656876650272
-13.996656876650272
-13.996656876650272
-13.996656876650272
-13.996656876650272
-13.996656876650272
-13.996656876650272
-13.996656876650272
-13.996656876650272
-13.996656876650272
-13.996656876650272
-13.996656876650272
-13.996656876650272
-13.996656876650272
-13.996656876650272
-13.996656876650272
-13.996656876650272
-13.996656876650272
-13.996656876650272
-13.996656876650272
-13.996656876650272
-13.996656876650272
-13.996656876650272
-13.996656876650272
-13.996656876650272
-13.996656876650272
-13.996656876650272
-13.996656876650272
-13.996656876650272
-13.996656876650272
-13.996656876650272
-13.996656876650272
-13.996656876650272
-13.996656876650272
-13.996656876650272
-13.996656876650272
-13.996656876650272
-13.996656876650272
-13.996656876650272
-13.996656876650272
-13.996656876650272
-13.996656876650272
-13.996656876650272
-13.996656876650272
-13.996656876650272
-13.996656876650272
-13.996656876650272
-13.996656876650272
-13.996656876650272
-13.996656876650272
-13.996656876650272
-13.996656876650272
-13.996656876650272
-13.996656876650272
-13.996656876650272
-13.996656876650272
-13.996656876650272
-13.996656876650272
-13.996656876650272
-13.996656876650272
-13.996656876650272
-13.996656876650272
-13.996656876650272
-13.996656876650272
-13.996656876650272
-13.996656876650272
-13.996656876650272
-13.996656876650272
-13.996656876650272
-13.996656876650272
-13.996656876650272
-13.996656876650272
-13.996656876650272
-13.996656876650272
-13.996656876650272
-13.996656876650272
-13.996656876650272
-13.996656876650272
-13.996656876650272
-13.996656876650272
-13.996656876650272
-13.996656876650272
-13.996656876650272
-13.996656876650272
-13.996656876650272
-13.996656876650272
-13.996656876650272
-13.996656876650272
-13.996656876650272
-13.996656876650272
-13.996656876650272
-13.996656876650272
-13.996656876650272
-13.996656876650272
-13.996656876650272
-13.996656876650272
-13.996656876650272
-13.996656876650272
-13.996656876650272
-13.996656876650272
-13.996656876650272
-13.996656876650272
-13.996656876650272
-13.996656876650272
-13.996656876650272
-13.996656876650272
-13.996656876650272
-14.76254194125062
-14.76254194125062
-14.76254194125062
-14.76254194125062
-14.76254194125062
-14.76254194125062
-14.76254194125062
-14.76254194125062
-14.76254194125062
-14.76254194125062
-14.76254194125062
-14.76254194125062
-14.76254194125062
-14.76254194125062
-14.76254194125062
-14.76254194125062
-14.76254194125062
-14.76254194125062
-14.76254194125062
-14.76254194125062
-14.76254194125062
-14.76254194125062
-14.76254194125062
-14.76254194125062
-14.76254194125062
-14.76254194125062
-14.76254194125062
-14.76254194125062
-14.76254194125062
-14.76254194125062
-14.76254194125062
-14.76254194125062
-14.76254194125062
-14.76254194125062
-14.76254194125062
-14.76254194125062
-14.76254194125062
-14.76254194125062
-14.76254194125062
-14.76254194125062
-14.76254194125062
-14.76254194125062
-14.76254194125062
-14.76254194125062
-14.76254194125062
-14.76254194125062
-14.76254194125062
-14.76254194125062
-14.76254194125062
-14.76254194125062
-14.76254194125062
-14.76254194125062
-14.76254194125062
-14.76254194125062
-14.76254194125062
-14.76254194125062
-14.76254194125062
-14.76254194125062
-14.76254194125062
-14.76254194125062
-14.76254194125062
-14.76254194125062
-14.76254194125062
-14.76254194125062
-14.76254194125062
-14.76254194125062
-14.76254194125062
-14.76254194125062
-14.76254194125062
-14.76254194125062
-14.76254194125062
-14.76254194125062
-14.76254194125062
-14.76254194125062
-14.76254194125062
-14.76254194125062
-14.76254194125062
-14.76254194125062
-14.76254194125062
-14.76254194125062
-14.76254194125062
-14.76254194125062
-14.76254194125062
-14.76254194125062
-14.76254194125062
-14.76254194125062
-14.76254194125062
-14.76254194125062
-14.76254194125062
-14.76254194125062
-14.76254194125062
-14.76254194125062
-14.76254194125062
-14.76254194125062
-14.76254194125062
-14.76254194125062
-14.76254194125062
-14.76254194125062
-14.76254194125062
-14.76254194125062
-14.76254194125062
-14.76254194125062
-14.76254194125062
-14.76254194125062
-14.76254194125062
-14.76254194125062
-14.76254194125062
-14.76254194125062
-14.76254194125062
-14.76254194125062
-14.76254194125062
-14.76254194125062
-14.76254194125062
-14.76254194125062
-14.76254194125062
-14.76254194125062
-14.76254194125062
-14.76254194125062
-14.76254194125062
-14.76254194125062
-14.76254194125062
-14.76254194125062
-14.76254194125062
-14.76254194125062
-14.76254194125062
-14.76254194125062
-14.76254194125062
-14.76254194125062
-14.76254194125062
-14.76254194125062
-14.76254194125062
-14.76254194125062
-14.76254194125062
-14.76254194125062
-14.76254194125062
-14.76254194125062
-14.76254194125062
-14.76254194125062
-14.76254194125062
-14.76254194125062
-14.76254194125062
-14.76254194125062
-14.76254194125062
-14.76254194125062
-14.76254194125062
-14.76254194125062
-14.76254194125062
-14.76254194125062
-14.76254194125062
-14.76254194125062
-14.76254194125062
-14.76254194125062
-14.76254194125062
-14.76254194125062
-14.76254194125062
-14.76254194125062
-14.76254194125062
-14.76254194125062
-14.76254194125062
-14.76254194125062
-14.76254194125062
-14.76254194125062
-14.76254194125062
-14.76254194125062
-14.76254194125062
-14.76254194125062
-14.76254194125062
-14.76254194125062
-14.76254194125062
-14.76254194125062
-14.76254194125062
-14.76254194125062
-14.76254194125062
-14.76254194125062
-14.76254194125062
-14.76254194125062
-14.76254194125062
-14.76254194125062
-14.76254194125062
-14.76254194125062
-14.76254194125062
-14.76254194125062
-14.76254194125062
-14.76254194125062
-14.76254194125062
-14.76254194125062
-14.76254194125062
-14.76254194125062
-14.76254194125062
-14.76254194125062
-14.76254194125062
-14.76254194125062
-14.76254194125062
-14.76254194125062
-14.76254194125062
-14.76254194125062
-14.76254194125062
-14.76254194125062
-14.76254194125062
-14.76254194125062
-14.76254194125062
-14.76254194125062
-14.76254194125062
