-4.191731711913251
-4.191731711913251
-4.191731711913251
-4.411803514106772
-5.970938836180632
-5.970938836180632
-5.970938836180632
-5.970938836180632
-5.970938836180632
-5.970938836180632
-5.970938836180632
-5.970938836180632
-5.970938836180632
-5.970938836180632
-5.970938836180632
-9.036486005012693
-9.036486005012693
-9.036486005012693
-9.036486005012693
-9.036486005012693
-9.036486005012693
-9.036486005012693
-9.036486005012693
-9.036486005012693
-9.036486005012693
-9.036486005012693
-9.036486005012693
-9.036486005012693
-9.036486005012693
-9.036486005012693
-9.036486005012693
-9.036486005012693
-9.036486005012693
-9.036486005012693
-9.036486005012693
-9.036486005012693
-9.036486005012693
-9.036486005012693
-9.036486005012693
-9.036486005012693
-11.78085262792705
-11.78085262792705
-11.78085262792705
-11.78085262792705
-11.78085262792705
-11.78085262792705
-11.78085262792705
-11.78085262792705
-11.78085262792705
-11.78085262792705
-11.78085262792705
-11.78085262792705
-11.78085262792705
-11.78085262792705
-11.78085262792705
-11.78085262792705
-12.17216081037567
-12.17216081037567
-12.17216081037567
-12.17216081037567
-12.17216081037567
-12.17216081037567
-12.17216081037567
-12.17216081037567
-12.17216081037567
-12.17216081037567
-12.17216081037567
-12.17216081037567
-12.17216081037567
-12.17216081037567
-12.17216081037567
-12.17216081037567
-12.17216081037567
-12.17216081037567
-12.17216081037567
-12.17216081037567
-12.17216081037567
-21.17262481405444
-21.17262481405444
-21.17262481405444
-21.17262481405444
-21.17262481405444
-21.17262481405444
-21.17262481405444
-21.17262481405444
-33.88883579035978
-33.88883579035978
-33.88883579035978
-33.88883579035978
-33.88883579035978
-33.88883579035978
-33.88883579035978
-33.88883579035978
-33.88883579035978
-33.88883579035978
-33.88883579035978
-33.88883579035978
-33.88883579035978
-33.88883579035978
-33.88883579035978
-33.88883579035978
-33.88883579035978
-33.88883579035978
-33.88883579035978
-33.88883579035978
-33.88883579035978
-33.88883579035978
-33.88883579035978
-33.88883579035978
-33.88883579035978
-33.88883579035978
-33.88883579035978
-33.88883579035978
-33.88883579035978
-33.88883579035978
-33.88883579035978
-33.88883579035978
-33.88883579035978
-33.88883579035978
-33.88883579035978
-33.88883579035978
-33.88883579035978
-33.88883579035978
-33.88883579035978
-33.88883579035978
-33.88883579035978
-33.88883579035978
-33.88883579035978
-33.88883579035978
-33.88883579035978
-33.88883579035978
-33.88883579035978
-33.88883579035978
-33.88883579035978
-33.88883579035978
-33.88883579035978
-33.88883579035978
-33.88883579035978
-33.88883579035978
-33.88883579035978
-33.88883579035978
-33.88883579035978
-33.88883579035978
-33.88883579035978
-33.88883579035978
-33.88883579035978
-33.88883579035978
-33.88883579035978
-33.88883579035978
-33.88883579035978
-33.88883579035978
-33.88883579035978
-33.88883579035978
-33.88883579035978
-33.88883579035978
-33.88883579035978
-33.88883579035978
-33.88883579035978
-33.88883579035978
-33.88883579035978
-33.88883579035978
-35.274676869754245
-35.274676869754245
-35.274676869754245
-35.274676869754245
-35.274676869754245
-35.274676869754245
-35.274676869754245
-35.274676869754245
-35.274676869754245
-35.274676869754245
-35.274676869754245
-35.274676869754245
-35.274676869754245
-35.274676869754245
-35.274676869754245
-35.274676869754245
-35.274676869754245
-35.274676869754245
-35.274676869754245
-35.274676869754245
-35.274676869754245
-35.274676869754245
-35.274676869754245
-35.274676869754245
-35.274676869754245
-35.274676869754245
-35.274676869754245
-35.274676869754245
-35.274676869754245
-35.274676869754245
-35.274676869754245
-35.274676869754245
-35.274676869754245
-35.274676869754245
-35.274676869754245
-35.274676869754245
-35.274676869754245
-35.274676869754245
-35.274676869754245
-35.274676869754245
-35.274676869754245
-35.274676869754245
-35.274676869754245
-35.274676869754245
-35.274676869754245
-35.274676869754245
-35.274676869754245
-35.274676869754245
-35.274676869754245
-35.274676869754245
-35.274676869754245
-35.274676869754245
-35.274676869754245
-35.274676869754245
-35.274676869754245
-35.274676869754245
-35.274676869754245
-35.274676869754245
-35.274676869754245
-35.274676869754245
-35.274676869754245
-35.274676869754245
-35.274676869754245
-35.274676869754245
-35.274676869754245
-35.274676869754245
-35.274676869754245
-35.274676869754245
-35.274676869754245
-35.274676869754245
-35.274676869754245
-35.274676869754245
-35.274676869754245
-35.274676869754245
-35.274676869754245
-35.274676869754245
-35.274676869754245
-35.274676869754245
-35.274676869754245
-35.274676869754245
-35.274676869754245
-35.274676869754245
-35.274676869754245
-35.274676869754245
-35.274676869754245
-35.274676869754245
-35.274676869754245
-35.274676869754245
-35.274676869754245
-35.274676869754245
-35.274676869754245
-35.274676869754245
-35.274676869754245
-35.274676869754245
-35.274676869754245
-35.274676869754245
-35.274676869754245
-35.274676869754245
-35.274676869754245
-35.274676869754245
-35.274676869754245
-35.274676869754245
-35.274676869754245
-35.274676869754245
-35.274676869754245
-35.274676869754245
-35.274676869754245
-35.274676869754245
-35.274676869754245
-35.274676869754245
-35.274676869754245
-35.274676869754245
-35.274676869754245
-35.274676869754245
-35.274676869754245
-35.274676869754245
-35.274676869754245
-35.274676869754245
-35.274676869754245
-35.274676869754245
-35.274676869754245
-35.274676869754245
-35.274676869754245
-35.274676869754245
-35.274676869754245
-35.274676869754245
-35.274676869754245
-35.274676869754245
-35.274676869754245
-35.274676869754245
-35.274676869754245
-35.274676869754245
-35.274676869754245
-35.274676869754245
-35.274676869754245
-35.274676869754245
-35.274676869754245
-35.274676869754245
-35.274676869754245
-35.274676869754245
-35.274676869754245
-35.274676869754245
-35.274676869754245
-35.274676869754245
-35.274676869754245
-35.274676869754245
-35.274676869754245
-35.274676869754245
-35.274676869754245
-35.274676869754245
-35.274676869754245
-35.274676869754245
-35.274676869754245
-35.274676869754245
-35.274676869754245
-35.274676869754245
-35.274676869754245
-35.274676869754245
-35.274676869754245
-35.274676869754245
-35.274676869754245
-35.274676869754245
-35.274676869754245
-35.274676869754245
-35.274676869754245
-35.274676869754245
-35.274676869754245
-35.274676869754245
-35.274676869754245
-35.274676869754245
-35.274676869754245
-35.274676869754245
-35.274676869754245
-35.274676869754245
-35.274676869754245
-35.274676869754245
-35.274676869754245
-35.274676869754245
-35.274676869754245
-35.274676869754245
-35.274676869754245
-35.274676869754245
-35.274676869754245
-35.274676869754245
-35.274676869754245
-35.274676869754245
-35.274676869754245
-35.274676869754245
-35.274676869754245
-35.274676869754245
-35.274676869754245
-35.274676869754245
-35.274676869754245
-35.274676869754245
-35.274676869754245
-35.274676869754245
-35.274676869754245
-35.274676869754245
-35.274676869754245
-35.274676869754245
-35.274676869754245
-35.274676869754245
-35.274676869754245
-35.274676869754245
-35.274676869754245
-35.274676869754245
-35.274676869754245
-35.274676869754245
-35.274676869754245
-35.274676869754245
-35.274676869754245
-35.274676869754245
-35.274676869754245
-35.274676869754245
-35.274676869754245
-35.274676869754245
-35.274676869754245
-35.274676869754245
-35.274676869754245
-35.274676869754245
-35.274676869754245
-35.274676869754245
-35.274676869754245
-35.274676869754245
-35.274676869754245
-35.274676869754245
-35.274676869754245
-35.274676869754245
-35.274676869754245
-35.274676869754245
-35.274676869754245
-35.274676869754245
-35.274676869754245
-35.274676869754245
-35.274676869754245
-35.274676869754245
-35.274676869754245
-35.274676869754245
-35.274676869754245
-35.274676869754245
-35.274676869754245
-35.274676869754245
-35.274676869754245
-35.274676869754245
-35.274676869754245
-35.274676869754245
-35.274676869754245
-35.274676869754245
-35.274676869754245
-35.274676869754245
-35.274676869754245
-35.274676869754245
-35.274676869754245
-35.274676869754245
-35.274676869754245
-35.274676869754245
-35.274676869754245
-35.274676869754245
-35.274676869754245
-35.274676869754245
-35.274676869754245
-35.274676869754245
-35.274676869754245
-35.274676869754245
-35.274676869754245
-35.274676869754245
-35.274676869754245
-35.274676869754245
-35.63513136692112
-35.63513136692112
-35.63513136692112
-35.63513136692112
-35.63513136692112
-35.63513136692112
-35.63513136692112
-35.63513136692112
-35.63513136692112
-35.63513136692112
-35.63513136692112
-35.63513136692112
-35.63513136692112
-35.63513136692112
-35.63513136692112
-35.63513136692112
-35.63513136692112
-35.63513136692112
-35.63513136692112
-35.63513136692112
-35.63513136692112
-35.63513136692112
-35.63513136692112
-35.63513136692112
-35.63513136692112
-35.63513136692112
-35.63513136692112
-35.63513136692112
-35.63513136692112
-35.63513136692112
-35.63513136692112
-35.63513136692112
-35.63513136692112
-35.63513136692112
-35.63513136692112
-35.63513136692112
-35.63513136692112
-35.63513136692112
-35.63513136692112
-35.63513136692112
-35.63513136692112
-35.63513136692112
-35.63513136692112
-35.63513136692112
-35.63513136692112
-35.63513136692112
-35.63513136692112
-35.63513136692112
-35.63513136692112
-35.63513136692112
-35.63513136692112
-35.63513136692112
-35.63513136692112
-35.63513136692112
-35.63513136692112
-35.63513136692112
-35.63513136692112
-35.63513136692112
-35.63513136692112
-35.63513136692112
-35.63513136692112
-35.63513136692112
-35.63513136692112
-35.63513136692112
-35.63513136692112
-35.63513136692112
-35.63513136692112
-35.63513136692112
-35.63513136692112
-35.63513136692112
-35.63513136692112
-35.63513136692112
