-4.352288374525104
-4.352288374525104
-4.352288374525104
-4.352288374525104
-4.352288374525104
-4.352288374525104
-4.352288374525104
-9.894549146808933
-9.894549146808933
-9.894549146808933
-9.894549146808933
-9.894549146808933
-9.894549146808933
-9.894549146808933
-9.894549146808933
-9.894549146808933
-9.894549146808933
-9.894549146808933
-9.894549146808933
-9.894549146808933
-9.894549146808933
-9.894549146808933
-9.894549146808933
-9.894549146808933
-9.894549146808933
-9.894549146808933
-9.894549146808933
-9.894549146808933
-9.894549146808933
-9.894549146808933
-9.894549146808933
-9.894549146808933
-9.894549146808933
-9.894549146808933
-9.894549146808933
-9.894549146808933
-9.894549146808933
-9.894549146808933
-9.894549146808933
-9.894549146808933
-9.894549146808933
-9.894549146808933
-9.894549146808933
-9.894549146808933
-9.894549146808933
-9.894549146808933
-9.894549146808933
-9.894549146808933
-9.894549146808933
-9.894549146808933
-9.894549146808933
-9.894549146808933
-9.894549146808933
-9.894549146808933
-9.894549146808933
-9.894549146808933
-9.894549146808933
-9.894549146808933
-9.894549146808933
-9.894549146808933
-9.894549146808933
-9.894549146808933
-9.894549146808933
-9.894549146808933
-9.894549146808933
-10.020983821465755
-10.020983821465755
-10.020983821465755
-10.020983821465755
-10.020983821465755
-10.26704588025354
-10.26704588025354
-10.26704588025354
-10.26704588025354
-10.26704588025354
-10.26704588025354
-10.26704588025354
-11.684969050541799
-11.684969050541799
-11.890288699176544
-11.890288699176544
-11.890288699176544
-11.890288699176544
-11.890288699176544
-11.890288699176544
-11.890288699176544
-11.890288699176544
-11.890288699176544
-16.74681230461958
-16.74681230461958
-16.74681230461958
-16.74681230461958
-16.74681230461958
-16.74681230461958
-16.74681230461958
-16.74681230461958
-16.74681230461958
-16.74681230461958
-16.74681230461958
-16.74681230461958
-16.74681230461958
-16.74681230461958
-16.74681230461958
-16.74681230461958
-16.74681230461958
-16.74681230461958
-16.74681230461958
-16.74681230461958
-16.74681230461958
-16.74681230461958
-16.74681230461958
-16.74681230461958
-16.74681230461958
-16.74681230461958
-16.74681230461958
-16.74681230461958
-16.74681230461958
-16.74681230461958
-16.74681230461958
-16.74681230461958
-16.74681230461958
-16.74681230461958
-16.74681230461958
-16.74681230461958
-16.74681230461958
-16.74681230461958
-16.74681230461958
-16.74681230461958
-16.74681230461958
-16.74681230461958
-16.74681230461958
-16.74681230461958
-16.74681230461958
-16.74681230461958
-16.74681230461958
-16.74681230461958
-16.74681230461958
-16.74681230461958
-16.74681230461958
-16.74681230461958
-16.74681230461958
-16.74681230461958
-16.74681230461958
-16.74681230461958
-16.74681230461958
-16.74681230461958
-16.74681230461958
-16.74681230461958
-16.74681230461958
-16.74681230461958
-16.74681230461958
-16.74681230461958
-16.74681230461958
-16.74681230461958
-16.74681230461958
-16.74681230461958
-16.74681230461958
-16.74681230461958
-16.74681230461958
-16.74681230461958
-16.74681230461958
-16.74681230461958
-16.74681230461958
-16.74681230461958
-16.74681230461958
-16.74681230461958
-16.74681230461958
-16.74681230461958
-16.74681230461958
-16.74681230461958
-16.74681230461958
-16.74681230461958
-16.74681230461958
-16.74681230461958
-16.74681230461958
-16.74681230461958
-16.74681230461958
-16.74681230461958
-16.74681230461958
-16.74681230461958
-16.74681230461958
-16.74681230461958
-16.74681230461958
-16.74681230461958
-16.74681230461958
-16.74681230461958
-16.74681230461958
-16.74681230461958
-16.74681230461958
-16.74681230461958
-16.74681230461958
-16.74681230461958
-16.74681230461958
-16.74681230461958
-16.74681230461958
-16.74681230461958
-16.74681230461958
-16.74681230461958
-16.74681230461958
-16.74681230461958
-16.74681230461958
-16.74681230461958
-16.74681230461958
-16.74681230461958
-16.74681230461958
-16.74681230461958
-17.233614619545122
-17.233614619545122
-17.233614619545122
-17.233614619545122
-17.233614619545122
-17.233614619545122
-17.233614619545122
-17.233614619545122
-17.233614619545122
-17.233614619545122
-17.233614619545122
-17.233614619545122
-17.233614619545122
-17.233614619545122
-17.233614619545122
-17.233614619545122
-17.233614619545122
-17.233614619545122
-17.233614619545122
-17.233614619545122
-17.233614619545122
-18.512558829853216
-18.512558829853216
-18.512558829853216
-18.512558829853216
-18.512558829853216
-18.512558829853216
-18.512558829853216
-18.512558829853216
-18.512558829853216
-18.512558829853216
-18.512558829853216
-18.512558829853216
-18.512558829853216
-18.512558829853216
-18.512558829853216
-18.512558829853216
-18.512558829853216
-19.410383576332595
-22.8285105920445
-22.8285105920445
-22.8285105920445
-22.8285105920445
-22.8285105920445
-22.8285105920445
-22.8285105920445
-22.8285105920445
-22.8285105920445
-22.8285105920445
-22.8285105920445
-22.8285105920445
-22.8285105920445
-22.8285105920445
-22.8285105920445
-22.8285105920445
-22.8285105920445
-22.8285105920445
-22.8285105920445
-22.8285105920445
-22.8285105920445
-22.8285105920445
-22.8285105920445
-22.8285105920445
-22.8285105920445
-22.8285105920445
-22.8285105920445
-22.8285105920445
-22.8285105920445
-22.8285105920445
-22.8285105920445
-22.8285105920445
-22.8285105920445
-22.8285105920445
-22.8285105920445
-22.8285105920445
-22.8285105920445
-22.8285105920445
-22.8285105920445
-22.8285105920445
-22.8285105920445
-22.8285105920445
-22.8285105920445
-22.8285105920445
-22.8285105920445
-22.8285105920445
-22.8285105920445
-22.8285105920445
-22.8285105920445
-22.8285105920445
-22.8285105920445
-22.8285105920445
-22.8285105920445
-22.8285105920445
-22.8285105920445
-22.8285105920445
-22.8285105920445
-22.8285105920445
-22.8285105920445
-22.8285105920445
-22.8285105920445
-22.8285105920445
-22.8285105920445
-22.8285105920445
-22.8285105920445
-22.8285105920445
-22.8285105920445
-22.8285105920445
-22.8285105920445
-22.8285105920445
-22.8285105920445
-22.8285105920445
-22.8285105920445
-22.8285105920445
-22.8285105920445
-22.8285105920445
-22.8285105920445
-22.8285105920445
-22.8285105920445
-22.8285105920445
-22.8285105920445
-22.8285105920445
-22.8285105920445
-22.8285105920445
-22.8285105920445
-22.8285105920445
-22.8285105920445
-22.8285105920445
-22.8285105920445
-22.8285105920445
-22.8285105920445
-22.8285105920445
-22.8285105920445
-22.8285105920445
-22.8285105920445
-22.8285105920445
-22.8285105920445
-22.8285105920445
-22.8285105920445
-22.8285105920445
-22.8285105920445
-22.8285105920445
-22.8285105920445
-22.8285105920445
-22.8285105920445
-22.8285105920445
-22.8285105920445
-22.8285105920445
-22.8285105920445
-22.8285105920445
-22.8285105920445
-22.8285105920445
-22.8285105920445
-22.8285105920445
-22.8285105920445
-22.8285105920445
-22.8285105920445
-22.8285105920445
-22.8285105920445
-22.8285105920445
-22.8285105920445
-22.8285105920445
-22.8285105920445
-22.8285105920445
-22.8285105920445
-22.8285105920445
-22.8285105920445
-22.8285105920445
-22.8285105920445
-22.8285105920445
-22.8285105920445
-22.8285105920445
-22.8285105920445
-22.8285105920445
-22.8285105920445
-33.86126899118272
-33.86126899118272
-33.86126899118272
-33.86126899118272
-33.86126899118272
-33.86126899118272
-33.86126899118272
-33.86126899118272
-33.86126899118272
-33.86126899118272
-33.86126899118272
-33.86126899118272
-33.86126899118272
-33.86126899118272
-33.86126899118272
-33.86126899118272
-33.86126899118272
-33.86126899118272
-33.86126899118272
-33.86126899118272
-33.86126899118272
-33.86126899118272
-33.86126899118272
-33.86126899118272
-33.86126899118272
-33.86126899118272
-33.86126899118272
-33.86126899118272
-33.86126899118272
-33.86126899118272
-33.86126899118272
-33.86126899118272
-33.86126899118272
-33.86126899118272
-33.86126899118272
-33.86126899118272
-33.86126899118272
-33.86126899118272
-33.86126899118272
-33.86126899118272
-33.86126899118272
-33.86126899118272
-33.86126899118272
-33.86126899118272
-33.86126899118272
-33.86126899118272
-33.86126899118272
-33.86126899118272
-33.86126899118272
-33.86126899118272
-33.86126899118272
-33.86126899118272
-33.86126899118272
-33.86126899118272
-33.86126899118272
-33.86126899118272
-33.86126899118272
-33.86126899118272
-33.86126899118272
-33.86126899118272
-33.86126899118272
-33.86126899118272
-33.86126899118272
-33.86126899118272
-33.86126899118272
-33.86126899118272
-33.86126899118272
-33.86126899118272
-33.86126899118272
-33.86126899118272
-33.86126899118272
-33.86126899118272
-33.86126899118272
-33.86126899118272
-33.86126899118272
-33.86126899118272
-33.86126899118272
-33.86126899118272
-33.86126899118272
-33.86126899118272
-33.86126899118272
-33.86126899118272
-33.86126899118272
-33.86126899118272
-33.86126899118272
-33.86126899118272
-33.86126899118272
-33.86126899118272
-33.86126899118272
-33.86126899118272
-33.86126899118272
-33.86126899118272
-33.86126899118272
-33.86126899118272
-33.86126899118272
-33.86126899118272
-33.86126899118272
-33.86126899118272
-33.86126899118272
-33.86126899118272
-33.86126899118272
-33.86126899118272
-33.86126899118272
-33.86126899118272
-33.86126899118272
-33.86126899118272
-33.86126899118272
-33.86126899118272
-33.86126899118272
-33.86126899118272
-33.86126899118272
-33.86126899118272
-33.86126899118272
-33.86126899118272
-33.86126899118272
-33.86126899118272
-33.86126899118272
-33.86126899118272
-33.86126899118272
-33.86126899118272
-33.86126899118272
