-3.831593232384748
-3.831593232384748
-3.831593232384748
-4.386894441754998
-5.068046116648352
-5.068046116648352
-5.068046116648352
-5.068046116648352
-5.068046116648352
-5.068046116648352
-5.068046116648352
-5.068046116648352
-5.099085627654694
-5.099085627654694
-5.099085627654694
-5.099085627654694
-5.099085627654694
-5.099085627654694
-5.099085627654694
-5.099085627654694
-5.099085627654694
-5.333890376111128
-5.333890376111128
-5.333890376111128
-5.333890376111128
-5.333890376111128
-5.333890376111128
-5.333890376111128
-5.333890376111128
-5.333890376111128
-5.333890376111128
-5.333890376111128
-5.333890376111128
-5.333890376111128
-5.333890376111128
-5.333890376111128
-5.333890376111128
-5.333890376111128
-5.333890376111128
-5.333890376111128
-5.333890376111128
-5.333890376111128
-5.333890376111128
-5.333890376111128
-5.333890376111128
-5.333890376111128
-5.333890376111128
-5.333890376111128
-5.333890376111128
-5.333890376111128
-5.333890376111128
-5.333890376111128
-5.333890376111128
-5.333890376111128
-5.333890376111128
-5.333890376111128
-5.333890376111128
-5.333890376111128
-5.333890376111128
-5.333890376111128
-5.333890376111128
-5.333890376111128
-5.333890376111128
-5.333890376111128
-5.333890376111128
-5.333890376111128
-5.730918244215059
-5.730918244215059
-11.230180048481193
-11.230180048481193
-11.230180048481193
-11.230180048481193
-11.230180048481193
-11.230180048481193
-11.230180048481193
-11.230180048481193
-11.230180048481193
-11.230180048481193
-11.230180048481193
-11.230180048481193
-11.230180048481193
-11.230180048481193
-11.230180048481193
-11.230180048481193
-11.230180048481193
-11.230180048481193
-11.230180048481193
-11.230180048481193
-11.230180048481193
-11.230180048481193
-11.230180048481193
-11.230180048481193
-11.230180048481193
-11.230180048481193
-11.230180048481193
-11.230180048481193
-11.230180048481193
-11.230180048481193
-11.230180048481193
-11.230180048481193
-13.858268280660468
-13.858268280660468
-13.858268280660468
-13.858268280660468
-13.858268280660468
-13.858268280660468
-13.858268280660468
-13.858268280660468
-13.858268280660468
-13.858268280660468
-13.858268280660468
-13.858268280660468
-13.858268280660468
-13.858268280660468
-13.858268280660468
-13.858268280660468
-13.858268280660468
-13.858268280660468
-13.858268280660468
-13.858268280660468
-13.858268280660468
-13.858268280660468
-13.858268280660468
-13.858268280660468
-13.858268280660468
-13.858268280660468
-13.858268280660468
-13.858268280660468
-13.858268280660468
-13.858268280660468
-13.858268280660468
-13.858268280660468
-13.858268280660468
-13.858268280660468
-13.858268280660468
-13.858268280660468
-13.858268280660468
-13.858268280660468
-13.858268280660468
-13.858268280660468
-13.858268280660468
-13.858268280660468
-13.858268280660468
-13.858268280660468
-13.858268280660468
-19.196616580447976
-19.196616580447976
-19.196616580447976
-19.196616580447976
-19.196616580447976
-19.196616580447976
-19.196616580447976
-19.196616580447976
-19.196616580447976
-19.196616580447976
-19.196616580447976
-19.196616580447976
-19.196616580447976
-19.196616580447976
-19.196616580447976
-19.196616580447976
-19.196616580447976
-19.196616580447976
-19.196616580447976
-19.196616580447976
-19.196616580447976
-19.196616580447976
-19.196616580447976
-19.196616580447976
-19.196616580447976
-19.196616580447976
-19.196616580447976
-19.196616580447976
-19.196616580447976
-19.196616580447976
-19.196616580447976
-19.196616580447976
-19.196616580447976
-19.196616580447976
-19.196616580447976
-19.196616580447976
-19.196616580447976
-19.196616580447976
-19.196616580447976
-19.196616580447976
-19.196616580447976
-19.196616580447976
-19.196616580447976
-19.196616580447976
-19.196616580447976
-19.196616580447976
-19.196616580447976
-19.196616580447976
-19.196616580447976
-19.196616580447976
-19.196616580447976
-19.196616580447976
-19.196616580447976
-19.196616580447976
-19.196616580447976
-19.196616580447976
-19.196616580447976
-19.196616580447976
-19.196616580447976
-19.196616580447976
-19.196616580447976
-19.196616580447976
-19.196616580447976
-19.196616580447976
-20.11386202737669
-20.11386202737669
-20.11386202737669
-20.11386202737669
-20.11386202737669
-20.11386202737669
-20.11386202737669
-20.11386202737669
-20.11386202737669
-20.11386202737669
-20.11386202737669
-20.11386202737669
-20.11386202737669
-20.11386202737669
-20.11386202737669
-20.11386202737669
-20.11386202737669
-20.11386202737669
-20.11386202737669
-20.11386202737669
-20.11386202737669
-20.11386202737669
-20.11386202737669
-20.11386202737669
-20.11386202737669
-20.11386202737669
-20.11386202737669
-20.11386202737669
-20.11386202737669
-20.11386202737669
-20.11386202737669
-20.11386202737669
-20.11386202737669
-20.11386202737669
-20.11386202737669
-20.11386202737669
-20.11386202737669
-20.11386202737669
-20.11386202737669
-20.11386202737669
-20.11386202737669
-20.11386202737669
-20.11386202737669
-20.11386202737669
-20.11386202737669
-20.11386202737669
-20.11386202737669
-20.11386202737669
-20.11386202737669
-20.11386202737669
-20.11386202737669
-20.11386202737669
-20.11386202737669
-20.11386202737669
-20.11386202737669
-20.11386202737669
-20.11386202737669
-20.11386202737669
-20.11386202737669
-20.11386202737669
-20.11386202737669
-20.11386202737669
-20.11386202737669
-20.11386202737669
-20.11386202737669
-20.11386202737669
-20.11386202737669
-20.11386202737669
-20.11386202737669
-20.11386202737669
-20.11386202737669
-20.11386202737669
-20.11386202737669
-20.11386202737669
-20.11386202737669
-20.11386202737669
-20.11386202737669
-20.11386202737669
-20.11386202737669
-20.11386202737669
-20.11386202737669
-20.11386202737669
-20.11386202737669
-20.11386202737669
-20.11386202737669
-20.11386202737669
-20.11386202737669
-20.11386202737669
-20.11386202737669
-20.11386202737669
-20.11386202737669
-20.11386202737669
-20.11386202737669
-20.11386202737669
-20.11386202737669
-20.11386202737669
-20.11386202737669
-20.11386202737669
-20.11386202737669
-20.11386202737669
-20.11386202737669
-20.11386202737669
-20.11386202737669
-20.11386202737669
-20.11386202737669
-20.11386202737669
-20.11386202737669
-20.11386202737669
-20.11386202737669
-20.11386202737669
-20.11386202737669
-20.11386202737669
-20.11386202737669
-20.11386202737669
-20.11386202737669
-20.11386202737669
-20.11386202737669
-20.11386202737669
-20.11386202737669
-20.11386202737669
-20.11386202737669
-20.11386202737669
-20.11386202737669
-20.11386202737669
-20.11386202737669
-20.11386202737669
-20.11386202737669
-20.11386202737669
-20.11386202737669
-20.11386202737669
-20.11386202737669
-20.11386202737669
-20.11386202737669
-20.11386202737669
-20.11386202737669
-20.11386202737669
-20.11386202737669
-20.11386202737669
-20.11386202737669
-20.11386202737669
-20.11386202737669
-20.11386202737669
-20.11386202737669
-20.11386202737669
-20.11386202737669
-20.11386202737669
-20.11386202737669
-20.11386202737669
-20.11386202737669
-20.11386202737669
-20.11386202737669
-20.11386202737669
-20.11386202737669
-20.11386202737669
-20.11386202737669
-20.11386202737669
-20.11386202737669
-20.11386202737669
-20.11386202737669
-20.11386202737669
-20.11386202737669
-20.11386202737669
-20.11386202737669
-20.11386202737669
-20.11386202737669
-20.11386202737669
-20.11386202737669
-20.11386202737669
-20.11386202737669
-20.11386202737669
-20.11386202737669
-20.11386202737669
-20.11386202737669
-20.11386202737669
-20.11386202737669
-20.11386202737669
-20.11386202737669
-20.11386202737669
-20.11386202737669
-20.11386202737669
-20.11386202737669
-20.11386202737669
-20.11386202737669
-20.11386202737669
-20.11386202737669
-20.11386202737669
-20.11386202737669
-20.11386202737669
-20.11386202737669
-20.11386202737669
-20.11386202737669
-20.11386202737669
-20.11386202737669
-20.11386202737669
-20.11386202737669
-20.11386202737669
-20.11386202737669
-20.11386202737669
-20.11386202737669
-20.11386202737669
-20.11386202737669
-20.11386202737669
-20.11386202737669
-20.11386202737669
-20.11386202737669
-20.11386202737669
-20.11386202737669
-20.11386202737669
-20.11386202737669
-20.11386202737669
-20.11386202737669
-20.11386202737669
-20.11386202737669
-20.11386202737669
-20.11386202737669
-20.11386202737669
-20.11386202737669
-20.11386202737669
-20.11386202737669
-20.11386202737669
-20.11386202737669
-20.11386202737669
-20.11386202737669
-20.11386202737669
-20.11386202737669
-20.11386202737669
-20.11386202737669
-20.11386202737669
-20.11386202737669
-20.11386202737669
-20.11386202737669
-20.11386202737669
-20.11386202737669
-20.11386202737669
-20.11386202737669
-20.11386202737669
-20.11386202737669
-20.11386202737669
-20.11386202737669
-20.11386202737669
-20.11386202737669
-20.11386202737669
-20.11386202737669
-20.11386202737669
-20.11386202737669
-20.11386202737669
-20.11386202737669
-20.11386202737669
-20.11386202737669
-20.11386202737669
-20.11386202737669
-20.11386202737669
-20.11386202737669
-20.11386202737669
-20.11386202737669
-20.11386202737669
-20.11386202737669
-20.11386202737669
-20.11386202737669
-20.11386202737669
-20.11386202737669
-20.11386202737669
-20.11386202737669
-20.11386202737669
-20.11386202737669
-20.11386202737669
-20.11386202737669
-20.11386202737669
-20.11386202737669
-20.11386202737669
-20.11386202737669
-20.11386202737669
-20.11386202737669
-20.11386202737669
-20.11386202737669
-20.11386202737669
-20.11386202737669
-20.11386202737669
-20.11386202737669
-20.11386202737669
-20.11386202737669
-20.11386202737669
-20.11386202737669
-20.11386202737669
-20.11386202737669
-20.11386202737669
-20.11386202737669
-20.11386202737669
-20.11386202737669
-20.11386202737669
-20.11386202737669
-20.11386202737669
