-1.0714810584216248
-4.70326724171958
-4.70326724171958
-4.70326724171958
-4.70326724171958
-4.70326724171958
-4.70326724171958
-4.70326724171958
-4.70326724171958
-4.70326724171958
-4.70326724171958
-4.70326724171958
-4.70326724171958
-4.70326724171958
-4.70326724171958
-4.70326724171958
-4.70326724171958
-4.70326724171958
-4.70326724171958
-4.70326724171958
-4.70326724171958
-4.70326724171958
-4.70326724171958
-4.70326724171958
-6.644183386555374
-6.644183386555374
-6.644183386555374
-9.83639940335988
-9.83639940335988
-9.83639940335988
-9.83639940335988
-10.691222264796043
-10.691222264796043
-10.691222264796043
-10.691222264796043
-10.691222264796043
-10.691222264796043
-10.691222264796043
-10.691222264796043
-10.691222264796043
-10.691222264796043
-10.691222264796043
-10.691222264796043
-10.691222264796043
-10.691222264796043
-10.691222264796043
-10.691222264796043
-10.691222264796043
-10.691222264796043
-10.691222264796043
-10.691222264796043
-12.745809476988535
-12.745809476988535
-12.745809476988535
-15.739130570947424
-15.739130570947424
-15.739130570947424
-15.739130570947424
-15.739130570947424
-15.739130570947424
-15.739130570947424
-15.739130570947424
-15.739130570947424
-15.739130570947424
-15.739130570947424
-15.739130570947424
-15.739130570947424
-15.739130570947424
-15.739130570947424
-15.739130570947424
-15.739130570947424
-15.739130570947424
-15.739130570947424
-15.739130570947424
-15.739130570947424
-15.739130570947424
-15.739130570947424
-15.739130570947424
-15.739130570947424
-15.739130570947424
-15.739130570947424
-15.739130570947424
-15.739130570947424
-15.739130570947424
-15.739130570947424
-15.739130570947424
-15.739130570947424
-15.739130570947424
-15.739130570947424
-15.739130570947424
-15.739130570947424
-15.739130570947424
-15.739130570947424
-15.739130570947424
-15.739130570947424
-15.739130570947424
-15.739130570947424
-15.739130570947424
-15.739130570947424
-15.739130570947424
-15.739130570947424
-15.739130570947424
-15.739130570947424
-15.739130570947424
-15.739130570947424
-15.739130570947424
-15.739130570947424
-15.739130570947424
-15.739130570947424
-15.739130570947424
-15.739130570947424
-15.739130570947424
-15.739130570947424
-15.739130570947424
-15.739130570947424
-15.739130570947424
-15.739130570947424
-15.739130570947424
-15.739130570947424
-15.739130570947424
-15.739130570947424
-15.739130570947424
-15.739130570947424
-15.739130570947424
-15.739130570947424
-15.739130570947424
-15.739130570947424
-15.739130570947424
-15.739130570947424
-15.739130570947424
-15.739130570947424
-15.739130570947424
-15.739130570947424
-15.739130570947424
-15.739130570947424
-15.739130570947424
-15.739130570947424
-15.739130570947424
-15.739130570947424
-15.739130570947424
-15.739130570947424
-15.739130570947424
-15.739130570947424
-15.739130570947424
-15.739130570947424
-15.739130570947424
-15.739130570947424
-15.739130570947424
-15.739130570947424
-15.739130570947424
-15.739130570947424
-15.739130570947424
-15.739130570947424
-15.739130570947424
-15.739130570947424
-15.739130570947424
-15.739130570947424
-15.739130570947424
-15.739130570947424
-15.739130570947424
-15.739130570947424
-15.739130570947424
-15.739130570947424
-15.739130570947424
-15.739130570947424
-15.739130570947424
-15.739130570947424
-15.739130570947424
-15.739130570947424
-15.739130570947424
-15.739130570947424
-15.739130570947424
-15.739130570947424
-15.739130570947424
-15.739130570947424
-15.739130570947424
-15.739130570947424
-15.739130570947424
-15.739130570947424
-15.739130570947424
-15.739130570947424
-15.739130570947424
-15.739130570947424
-15.739130570947424
-15.739130570947424
-15.739130570947424
-15.739130570947424
-15.739130570947424
-15.739130570947424
-15.739130570947424
-15.739130570947424
-15.739130570947424
-15.739130570947424
-15.739130570947424
-15.739130570947424
-15.739130570947424
-15.739130570947424
-15.739130570947424
-15.739130570947424
-15.739130570947424
-15.739130570947424
-15.739130570947424
-15.739130570947424
-15.739130570947424
-15.739130570947424
-15.739130570947424
-15.739130570947424
-15.739130570947424
-15.739130570947424
-15.739130570947424
-15.739130570947424
-15.739130570947424
-15.739130570947424
-15.739130570947424
-15.739130570947424
-15.739130570947424
-15.739130570947424
-15.739130570947424
-15.739130570947424
-15.739130570947424
-16.985063476000597
-16.985063476000597
-16.985063476000597
-16.985063476000597
-16.985063476000597
-16.985063476000597
-16.985063476000597
-16.985063476000597
-16.985063476000597
-16.985063476000597
-16.985063476000597
-16.985063476000597
-16.985063476000597
-16.985063476000597
-16.985063476000597
-16.985063476000597
-16.985063476000597
-16.985063476000597
-16.985063476000597
-16.985063476000597
-16.985063476000597
-16.985063476000597
-16.985063476000597
-16.985063476000597
-16.985063476000597
-16.985063476000597
-16.985063476000597
-16.985063476000597
-16.985063476000597
-16.985063476000597
-16.985063476000597
-16.985063476000597
-16.985063476000597
-16.985063476000597
-16.985063476000597
-16.985063476000597
-16.985063476000597
-16.985063476000597
-16.985063476000597
-16.985063476000597
-16.985063476000597
-16.985063476000597
-16.985063476000597
-16.985063476000597
-16.985063476000597
-16.985063476000597
-16.985063476000597
-16.985063476000597
-16.985063476000597
-16.985063476000597
-16.985063476000597
-16.985063476000597
-16.985063476000597
-16.985063476000597
-16.985063476000597
-16.985063476000597
-16.985063476000597
-16.985063476000597
-16.985063476000597
-16.985063476000597
-16.985063476000597
-16.985063476000597
-16.985063476000597
-16.985063476000597
-16.985063476000597
-16.985063476000597
-16.985063476000597
-16.985063476000597
-16.985063476000597
-16.985063476000597
-16.985063476000597
-16.985063476000597
-16.985063476000597
-16.985063476000597
-16.985063476000597
-16.985063476000597
-16.985063476000597
-16.985063476000597
-16.985063476000597
-16.985063476000597
-16.985063476000597
-16.985063476000597
-16.985063476000597
-16.985063476000597
-16.985063476000597
-16.985063476000597
-16.985063476000597
-16.985063476000597
-16.985063476000597
-16.985063476000597
-16.985063476000597
-16.985063476000597
-16.985063476000597
-16.985063476000597
-16.985063476000597
-16.985063476000597
-16.985063476000597
-16.985063476000597
-16.985063476000597
-16.985063476000597
-16.985063476000597
-16.985063476000597
-16.985063476000597
-16.985063476000597
-16.985063476000597
-16.985063476000597
-16.985063476000597
-16.985063476000597
-16.985063476000597
-16.985063476000597
-16.985063476000597
-16.985063476000597
-16.985063476000597
-16.985063476000597
-16.985063476000597
-16.985063476000597
-16.985063476000597
-16.985063476000597
-16.985063476000597
-16.985063476000597
-16.985063476000597
-16.985063476000597
-16.985063476000597
-16.985063476000597
-16.985063476000597
-16.985063476000597
-16.985063476000597
-16.985063476000597
-16.985063476000597
-16.985063476000597
-16.985063476000597
-16.985063476000597
-16.985063476000597
-16.985063476000597
-16.985063476000597
-16.985063476000597
-16.985063476000597
-16.985063476000597
-16.985063476000597
-16.985063476000597
-16.985063476000597
-16.985063476000597
-16.985063476000597
-16.985063476000597
-16.985063476000597
-16.985063476000597
-16.985063476000597
-16.985063476000597
-16.985063476000597
-16.985063476000597
-16.985063476000597
-16.985063476000597
-16.985063476000597
-16.985063476000597
-16.985063476000597
-16.985063476000597
-18.73060845398141
-18.73060845398141
-18.73060845398141
-18.73060845398141
-18.73060845398141
-18.73060845398141
-18.73060845398141
-18.73060845398141
-18.73060845398141
-18.73060845398141
-18.73060845398141
-18.73060845398141
-18.73060845398141
-18.73060845398141
-18.73060845398141
-18.73060845398141
-18.73060845398141
-18.73060845398141
-18.73060845398141
-18.73060845398141
-18.73060845398141
-18.73060845398141
-18.73060845398141
-18.73060845398141
-18.73060845398141
-18.73060845398141
-18.73060845398141
-18.73060845398141
-18.73060845398141
-18.73060845398141
-18.73060845398141
-18.73060845398141
-18.73060845398141
-18.73060845398141
-18.73060845398141
-18.73060845398141
-18.73060845398141
-18.73060845398141
-18.73060845398141
-18.73060845398141
-18.73060845398141
-18.73060845398141
-18.73060845398141
-18.73060845398141
-18.73060845398141
-18.73060845398141
-18.73060845398141
-18.73060845398141
-18.73060845398141
-18.73060845398141
-18.73060845398141
-18.73060845398141
-18.73060845398141
-18.73060845398141
-18.73060845398141
-18.73060845398141
-18.73060845398141
-18.73060845398141
-18.73060845398141
-18.73060845398141
-18.73060845398141
-18.73060845398141
-18.73060845398141
-18.73060845398141
-18.73060845398141
-18.73060845398141
-18.73060845398141
-18.73060845398141
-18.73060845398141
-18.73060845398141
-18.73060845398141
-18.73060845398141
-18.73060845398141
-18.73060845398141
-18.73060845398141
-18.73060845398141
-18.73060845398141
-18.73060845398141
-18.73060845398141
-18.73060845398141
-18.73060845398141
-18.73060845398141
-18.73060845398141
-18.73060845398141
-18.73060845398141
-18.73060845398141
-18.73060845398141
-18.73060845398141
-18.73060845398141
-18.73060845398141
-18.73060845398141
-18.73060845398141
-18.73060845398141
-18.73060845398141
-18.73060845398141
-18.73060845398141
-18.73060845398141
-18.73060845398141
-18.73060845398141
-19.539491287546312
-19.539491287546312
-19.539491287546312
-19.539491287546312
-19.539491287546312
-19.539491287546312
-19.539491287546312
-19.539491287546312
-19.539491287546312
-19.539491287546312
-19.539491287546312
-19.539491287546312
-19.539491287546312
-19.539491287546312
-19.539491287546312
-19.539491287546312
-19.539491287546312
-19.539491287546312
-19.539491287546312
-19.539491287546312
-19.539491287546312
-19.539491287546312
-19.539491287546312
-19.539491287546312
-19.539491287546312
-19.539491287546312
