-1.2351544845977283
-1.2351544845977283
-1.981030072485451
-1.981030072485451
-2.6570529504761504
-4.03848515951366
-4.03848515951366
-4.501669259683994
-4.971054803941822
-4.971054803941822
-4.971054803941822
-4.971054803941822
-4.971054803941822
-4.971054803941822
-4.971054803941822
-4.971054803941822
-4.971054803941822
-4.971054803941822
-4.971054803941822
-4.971054803941822
-4.971054803941822
-4.971054803941822
-4.971054803941822
-4.971054803941822
-4.971054803941822
-4.971054803941822
-4.971054803941822
-5.929893856557886
-5.929893856557886
-5.929893856557886
-10.926011417755554
-11.726852559975633
-11.726852559975633
-11.726852559975633
-11.726852559975633
-11.726852559975633
-11.726852559975633
-11.726852559975633
-11.726852559975633
-11.726852559975633
-11.726852559975633
-11.726852559975633
-11.726852559975633
-11.726852559975633
-11.726852559975633
-11.726852559975633
-11.726852559975633
-11.726852559975633
-11.726852559975633
-11.726852559975633
-11.726852559975633
-11.726852559975633
-11.726852559975633
-11.726852559975633
-11.726852559975633
-11.726852559975633
-11.726852559975633
-11.726852559975633
-11.726852559975633
-11.726852559975633
-11.726852559975633
-11.726852559975633
-11.726852559975633
-11.726852559975633
-11.726852559975633
-11.726852559975633
-11.726852559975633
-11.726852559975633
-11.726852559975633
-11.726852559975633
-11.726852559975633
-11.726852559975633
-11.726852559975633
-11.726852559975633
-11.726852559975633
-11.726852559975633
-12.995209131696265
-12.995209131696265
-12.995209131696265
-12.995209131696265
-12.995209131696265
-12.995209131696265
-12.995209131696265
-12.995209131696265
-12.995209131696265
-12.995209131696265
-12.995209131696265
-12.995209131696265
-12.995209131696265
-12.995209131696265
-12.995209131696265
-12.995209131696265
-12.995209131696265
-12.995209131696265
-12.995209131696265
-12.995209131696265
-12.995209131696265
-12.995209131696265
-12.995209131696265
-12.995209131696265
-12.995209131696265
-12.995209131696265
-12.995209131696265
-12.995209131696265
-12.995209131696265
-12.995209131696265
-12.995209131696265
-12.995209131696265
-12.995209131696265
-12.995209131696265
-12.995209131696265
-13.33696225228921
-13.33696225228921
-13.33696225228921
-13.33696225228921
-13.33696225228921
-13.33696225228921
-13.33696225228921
-13.33696225228921
-13.33696225228921
-13.33696225228921
-13.33696225228921
-13.33696225228921
-13.33696225228921
-13.33696225228921
-13.33696225228921
-16.00992030780536
-16.160879185901
-16.160879185901
-16.160879185901
-16.160879185901
-16.160879185901
-16.160879185901
-16.160879185901
-16.160879185901
-16.160879185901
-16.160879185901
-16.160879185901
-16.160879185901
-16.160879185901
-16.160879185901
-16.160879185901
-16.160879185901
-16.160879185901
-16.160879185901
-16.160879185901
-16.160879185901
-16.160879185901
-16.160879185901
-16.160879185901
-16.160879185901
-16.160879185901
-16.160879185901
-16.160879185901
-16.160879185901
-16.160879185901
-16.160879185901
-16.160879185901
-16.160879185901
-16.160879185901
-16.160879185901
-16.160879185901
-16.160879185901
-16.160879185901
-16.160879185901
-16.160879185901
-16.160879185901
-16.160879185901
-16.160879185901
-16.160879185901
-16.160879185901
-16.160879185901
-16.160879185901
-16.160879185901
-16.160879185901
-16.160879185901
-16.160879185901
-16.160879185901
-16.160879185901
-16.160879185901
-16.160879185901
-16.160879185901
-16.160879185901
-16.160879185901
-16.160879185901
-16.160879185901
-16.160879185901
-16.160879185901
-16.160879185901
-16.160879185901
-16.160879185901
-16.160879185901
-16.160879185901
-16.160879185901
-16.160879185901
-16.160879185901
-16.160879185901
-16.160879185901
-16.160879185901
-16.160879185901
-16.160879185901
-16.160879185901
-16.160879185901
-16.160879185901
-16.160879185901
-16.160879185901
-16.160879185901
-16.160879185901
-16.160879185901
-16.160879185901
-16.160879185901
-16.160879185901
-16.160879185901
-16.160879185901
-16.160879185901
-16.160879185901
-16.160879185901
-16.160879185901
-16.160879185901
-16.160879185901
-16.160879185901
-16.160879185901
-16.160879185901
-16.160879185901
-16.160879185901
-16.160879185901
-16.160879185901
-16.160879185901
-16.160879185901
-16.160879185901
-16.160879185901
-16.160879185901
-16.160879185901
-16.160879185901
-16.160879185901
-16.160879185901
-16.160879185901
-16.160879185901
-16.160879185901
-16.160879185901
-16.160879185901
-16.160879185901
-16.160879185901
-16.160879185901
-16.160879185901
-16.160879185901
-16.160879185901
-16.160879185901
-16.160879185901
-16.160879185901
-16.160879185901
-16.160879185901
-16.160879185901
-16.160879185901
-16.160879185901
-16.160879185901
-16.160879185901
-16.160879185901
-16.160879185901
-16.160879185901
-16.160879185901
-16.160879185901
-16.160879185901
-16.160879185901
-16.160879185901
-16.160879185901
-16.160879185901
-16.160879185901
-16.160879185901
-16.160879185901
-16.160879185901
-16.160879185901
-16.160879185901
-16.160879185901
-16.160879185901
-16.160879185901
-16.51485839756141
-16.51485839756141
-16.51485839756141
-16.51485839756141
-16.51485839756141
-16.51485839756141
-16.51485839756141
-16.51485839756141
-16.51485839756141
-16.51485839756141
-16.51485839756141
-16.51485839756141
-16.51485839756141
-18.157063265128723
-18.157063265128723
-18.157063265128723
-18.157063265128723
-18.157063265128723
-18.157063265128723
-18.157063265128723
-18.157063265128723
-18.157063265128723
-18.157063265128723
-18.157063265128723
-18.157063265128723
-18.157063265128723
-18.157063265128723
-18.157063265128723
-18.157063265128723
-18.157063265128723
-18.157063265128723
-18.157063265128723
-18.157063265128723
-18.157063265128723
-18.157063265128723
-18.157063265128723
-18.157063265128723
-18.157063265128723
-18.157063265128723
-18.157063265128723
-18.157063265128723
-18.157063265128723
-18.157063265128723
-18.157063265128723
-18.157063265128723
-18.157063265128723
-18.157063265128723
-18.157063265128723
-18.157063265128723
-18.157063265128723
-18.157063265128723
-18.157063265128723
-18.157063265128723
-18.157063265128723
-18.157063265128723
-18.157063265128723
-18.157063265128723
-18.157063265128723
-18.157063265128723
-18.157063265128723
-18.157063265128723
-18.157063265128723
-18.157063265128723
-18.157063265128723
-18.157063265128723
-18.157063265128723
-18.157063265128723
-18.157063265128723
-18.157063265128723
-18.157063265128723
-18.157063265128723
-18.157063265128723
-18.157063265128723
-18.157063265128723
-18.157063265128723
-18.157063265128723
-18.157063265128723
-18.157063265128723
-18.157063265128723
-18.157063265128723
-18.157063265128723
-18.157063265128723
-18.157063265128723
-18.157063265128723
-18.157063265128723
-18.157063265128723
-18.157063265128723
-18.157063265128723
-18.157063265128723
-18.157063265128723
-18.157063265128723
-18.157063265128723
-18.157063265128723
-18.157063265128723
-18.157063265128723
-18.157063265128723
-18.157063265128723
-18.157063265128723
-18.157063265128723
-18.157063265128723
-18.157063265128723
-18.157063265128723
-18.157063265128723
-18.157063265128723
-18.157063265128723
-18.157063265128723
-18.824264384762948
-18.824264384762948
-18.824264384762948
-18.824264384762948
-18.824264384762948
-18.824264384762948
-18.824264384762948
-18.824264384762948
-18.824264384762948
-18.824264384762948
-18.824264384762948
-18.824264384762948
-18.824264384762948
-18.824264384762948
-18.824264384762948
-18.824264384762948
-18.824264384762948
-18.824264384762948
-18.824264384762948
-18.824264384762948
-18.824264384762948
-18.824264384762948
-18.824264384762948
-18.824264384762948
-18.824264384762948
-18.824264384762948
-18.824264384762948
-18.824264384762948
-18.824264384762948
-18.824264384762948
-18.824264384762948
-18.824264384762948
-18.824264384762948
-18.824264384762948
-18.824264384762948
-18.824264384762948
-18.824264384762948
-18.824264384762948
-18.824264384762948
-18.824264384762948
-18.824264384762948
-18.824264384762948
-18.824264384762948
-18.824264384762948
-18.824264384762948
-18.824264384762948
-18.824264384762948
-18.824264384762948
-18.824264384762948
-18.824264384762948
-18.824264384762948
-18.824264384762948
-18.824264384762948
-18.824264384762948
-18.824264384762948
-18.824264384762948
-18.824264384762948
-18.824264384762948
-18.824264384762948
-18.824264384762948
-18.824264384762948
-18.824264384762948
-18.824264384762948
-18.824264384762948
-18.824264384762948
-18.824264384762948
-18.824264384762948
-18.824264384762948
-18.824264384762948
-18.824264384762948
-18.824264384762948
-18.824264384762948
-18.824264384762948
-18.824264384762948
-18.824264384762948
-18.824264384762948
-18.824264384762948
-18.824264384762948
-18.824264384762948
-18.824264384762948
-18.824264384762948
-18.824264384762948
-18.824264384762948
-18.824264384762948
-18.824264384762948
-18.824264384762948
-18.824264384762948
-18.824264384762948
-18.824264384762948
-18.824264384762948
-18.824264384762948
-18.824264384762948
-18.824264384762948
-18.824264384762948
-18.824264384762948
-18.824264384762948
-18.824264384762948
-18.824264384762948
-18.824264384762948
-18.824264384762948
-18.824264384762948
-18.824264384762948
-18.824264384762948
-18.824264384762948
-18.824264384762948
-18.824264384762948
-18.824264384762948
-18.824264384762948
-18.824264384762948
-18.824264384762948
-18.824264384762948
-18.824264384762948
-18.824264384762948
-18.824264384762948
-18.824264384762948
-18.824264384762948
-18.824264384762948
-18.824264384762948
-18.824264384762948
